  8.9002839e+001  4.6901262e+000  2.5000000e+000  2.6953791e+002  3.0001113e+001  9.8929193e+000  9.9996637e+000  8.4062626e+001  8.9803566e+000  5.0000000e+000  8.4050454e+001  3.2011110e-001  0.0000000e+000  9.3943051e+001  3.9989579e-001  0.0000000e+000  9.3955224e+001  9.0601413e+000  5.0000000e+000 -9.9996748e-001 -8.0648275e-003  0.0000000e+000  6.9842672e-003 -8.6598753e-001  5.0001682e-001 -4.0325494e-003  5.0000056e-001  8.6601569e-001  8.9466427e+001
  8.9015900e+001  1.3982975e+001  5.6093467e+000  2.6953791e+002  7.0003108e+000  9.8929193e+000  9.9995582e+000  8.4076577e+001  1.8905808e+001  6.2186934e+000  8.4062626e+001  8.9803566e+000  5.0000000e+000  9.3955224e+001  9.0601413e+000  5.0000000e+000  9.3969174e+001  1.8985593e+001  6.2186934e+000 -9.9996748e-001 -8.0648275e-003  0.0000000e+000  8.0047082e-003 -9.9251321e-001  1.2187473e-001 -9.8289866e-004  1.2187076e-001  9.9254549e-001  8.9534444e+001
  8.9029851e+001  2.3908427e+001  6.8280402e+000  2.6953791e+002  7.0003108e+000  9.8929193e+000  9.9995582e+000  8.4090527e+001  2.8831260e+001  7.4373869e+000  8.4076577e+001  1.8905808e+001  6.2186934e+000  9.3969174e+001  1.8985593e+001  6.2186934e+000  9.3983125e+001  2.8911045e+001  7.4373869e+000 -9.9996748e-001 -8.0648275e-003  0.0000000e+000  8.0047082e-003 -9.9251321e-001  1.2187473e-001 -9.8289866e-004  1.2187076e-001  9.9254549e-001  8.9534444e+001
  8.9043801e+001  3.3833878e+001  8.0467336e+000  2.6953791e+002  7.0003108e+000  9.8929193e+000  9.9995582e+000  8.4104478e+001  3.8756712e+001  8.6560803e+000  8.4090527e+001  2.8831260e+001  7.4373869e+000  9.3983125e+001  2.8911045e+001  7.4373869e+000  9.3997075e+001  3.8836496e+001  8.6560803e+000 -9.9996748e-001 -8.0648275e-003  0.0000000e+000  8.0047082e-003 -9.9251321e-001  1.2187473e-001 -9.8289866e-004  1.2187076e-001  9.9254549e-001  8.9534444e+001
  8.9057752e+001  4.3759330e+001  9.2654270e+000  2.6953791e+002  7.0003108e+000  9.8929193e+000  9.9995582e+000  8.4118429e+001  4.8682163e+001  9.8747737e+000  8.4104478e+001  3.8756712e+001  8.6560803e+000  9.3997075e+001  3.8836496e+001  8.6560803e+000  9.4011026e+001  4.8761948e+001  9.8747737e+000 -9.9996748e-001 -8.0648275e-003  0.0000000e+000  8.0047082e-003 -9.9251321e-001  1.2187473e-001 -9.8289866e-004  1.2187076e-001  9.9254549e-001  8.9534444e+001
  8.9071331e+001  5.3420564e+001  1.1584739e+001  2.6953791e+002  1.9999169e+001  9.8929193e+000  9.9996040e+000  8.4131636e+001  5.8079179e+001  1.3294703e+001  8.4118429e+001  4.8682163e+001  9.8747737e+000  9.4011026e+001  4.8761948e+001  9.8747737e+000  9.4024234e+001  5.8158964e+001  1.3294703e+001 -9.9996748e-001 -8.0648275e-003  0.0000000e+000  7.5784989e-003 -9.3966702e-001  3.4200651e-001 -2.7582235e-003  3.4199538e-001  9.3969758e-001  8.9508263e+001
  8.9084539e+001  6.2817530e+001  1.5004804e+001  2.6953791e+002  2.0000826e+001  9.8929193e+000  9.9996040e+000  8.4144844e+001  6.7476096e+001  1.6714905e+001  8.4131636e+001  5.8079179e+001  1.3294703e+001  9.4024234e+001  5.8158964e+001  1.3294703e+001  9.4037442e+001  6.7555881e+001  1.6714905e+001 -9.9996748e-001 -8.0648275e-003  0.0000000e+000  7.5784192e-003 -9.3965713e-001  3.4203369e-001 -2.7584427e-003  3.4202256e-001  9.3968769e-001  8.9508258e+001
  8.9097747e+001  7.2214447e+001  1.8425006e+001  2.6953791e+002  2.0000826e+001  9.8929193e+000  9.9996040e+000  8.4158052e+001  7.6873013e+001  2.0135106e+001  8.4144844e+001  6.7476096e+001  1.6714905e+001  9.4037442e+001  6.7555881e+001  1.6714905e+001  9.4050649e+001  7.6952798e+001  2.0135106e+001 -9.9996748e-001 -8.0648275e-003  0.0000000e+000  7.5784192e-003 -9.3965713e-001  3.4203369e-001 -2.7584427e-003  3.4202256e-001  9.3968769e-001  8.9508258e+001
  8.9110955e+001  8.1611364e+001  2.1845207e+001  2.6953791e+002  2.0000826e+001  9.8929193e+000  9.9996040e+000  8.4171260e+001  8.6269930e+001  2.3555308e+001  8.4158052e+001  7.6873013e+001  2.0135106e+001  9.4050649e+001  7.6952798e+001  2.0135106e+001  9.4063857e+001  8.6349715e+001  2.3555308e+001 -9.9996748e-001 -8.0648275e-003  0.0000000e+000  7.5784192e-003 -9.3965713e-001  3.4203369e-001 -2.7584427e-003  3.4202256e-001  9.3968769e-001  8.9508258e+001
  8.9124548e+001  9.1282427e+001  2.4077950e+001  2.6953791e+002  6.0002671e+000  9.8929193e+000  9.9995565e+000  8.4185238e+001  9.6215139e+001  2.4600592e+001  8.4171260e+001  8.6269930e+001  2.3555308e+001  9.4063857e+001  8.6349715e+001  2.3555308e+001  9.4077836e+001  9.6294924e+001  2.4600592e+001 -9.9996748e-001 -8.0648275e-003  0.0000000e+000  8.0206436e-003 -9.9448906e-001  1.0453310e-001 -8.4304142e-004  1.0452970e-001  9.9452141e-001  8.9535369e+001
  8.9138526e+001  1.0122764e+002  2.5123235e+001  2.6953791e+002  6.0002671e+000  9.8929193e+000  9.9995565e+000  8.4199216e+001  1.0616035e+002  2.5645877e+001  8.4185238e+001  9.6215139e+001  2.4600592e+001  9.4077836e+001  9.6294924e+001  2.4600592e+001  9.4091814e+001  1.0624013e+002  2.5645877e+001 -9.9996748e-001 -8.0648275e-003  0.0000000e+000  8.0206436e-003 -9.9448906e-001  1.0453310e-001 -8.4304142e-004  1.0452970e-001  9.9452141e-001  8.9535369e+001
  8.9152504e+001  1.1117285e+002  2.6168519e+001  2.6953791e+002  6.0002671e+000  9.8929193e+000  9.9995565e+000  8.4213195e+001  1.1610556e+002  2.6691162e+001  8.4199216e+001  1.0616035e+002  2.5645877e+001  9.4091814e+001  1.0624013e+002  2.5645877e+001  9.4105792e+001  1.1618534e+002  2.6691162e+001 -9.9996748e-001 -8.0648275e-003  0.0000000e+000  8.0206436e-003 -9.9448906e-001  1.0453310e-001 -8.4304142e-004  1.0452970e-001  9.9452141e-001  8.9535369e+001
  8.9166483e+001  1.2111805e+002  2.7213804e+001  2.6953791e+002  6.0002671e+000  9.8929193e+000  9.9995565e+000  8.4227173e+001  1.2605077e+002  2.7736446e+001  8.4213195e+001  1.1610556e+002  2.6691162e+001  9.4105792e+001  1.1618534e+002  2.6691162e+001  9.4119771e+001  1.2613055e+002  2.7736446e+001 -9.9996748e-001 -8.0648275e-003  0.0000000e+000  8.0206436e-003 -9.9448906e-001  1.0453310e-001 -8.4304142e-004  1.0452970e-001  9.9452141e-001  8.9535369e+001
  8.9180461e+001  1.3106326e+002  2.8259089e+001  2.6953791e+002  6.0002671e+000  9.8929193e+000  9.9995565e+000  8.4241152e+001  1.3599598e+002  2.8781731e+001  8.4227173e+001  1.2605077e+002  2.7736446e+001  9.4119771e+001  1.2613055e+002  2.7736446e+001  9.4133749e+001  1.3607576e+002  2.8781731e+001 -9.9996748e-001 -8.0648275e-003  0.0000000e+000  8.0206436e-003 -9.9448906e-001  1.0453310e-001 -8.4304142e-004  1.0452970e-001  9.9452141e-001  8.9535369e+001
  8.9194440e+001  1.4100847e+002  2.9304373e+001  2.6953791e+002  6.0002671e+000  9.8929193e+000  9.9995565e+000  8.4255130e+001  1.4594118e+002  2.9827015e+001  8.4241152e+001  1.3599598e+002  2.8781731e+001  9.4133749e+001  1.3607576e+002  2.8781731e+001  9.4147728e+001  1.4602097e+002  2.9827015e+001 -9.9996748e-001 -8.0648275e-003  0.0000000e+000  8.0206436e-003 -9.9448906e-001  1.0453310e-001 -8.4304142e-004  1.0452970e-001  9.9452141e-001  8.9535369e+001
  8.9208418e+001  1.5095368e+002  3.0349658e+001  2.6953791e+002  6.0002671e+000  9.8929193e+000  9.9995565e+000  8.4269108e+001  1.5588639e+002  3.0872300e+001  8.4255130e+001  1.4594118e+002  2.9827015e+001  9.4147728e+001  1.4602097e+002  2.9827015e+001  9.4161706e+001  1.5596618e+002  3.0872300e+001 -9.9996748e-001 -8.0648275e-003  0.0000000e+000  8.0206436e-003 -9.9448906e-001  1.0453310e-001 -8.4304142e-004  1.0452970e-001  9.9452141e-001  8.9535369e+001
  7.9110206e+001  4.6148844e+000  2.5000000e+000  2.6959054e+002  3.0000907e+001  9.8929194e+000  9.9997257e+000  7.4169959e+001  8.9096576e+000  5.0000000e+000  7.4157787e+001  2.4941214e-001  0.0000000e+000  8.4050454e+001  3.2011110e-001  0.0000000e+000  8.4062626e+001  8.9803566e+000  5.0000000e+000 -9.9997446e-001 -7.1464205e-003  0.0000000e+000  6.1889251e-003 -8.6599537e-001  5.0001371e-001 -3.5733083e-003  5.0000095e-001  8.6601749e-001  8.9527191e+001
  7.9123268e+001  1.3907733e+001  5.6093467e+000  2.6959054e+002  7.0002534e+000  9.8929194e+000  9.9996397e+000  7.4183910e+001  1.8835109e+001  6.2186934e+000  7.4169959e+001  8.9096576e+000  5.0000000e+000  8.4062626e+001  8.9803566e+000  5.0000000e+000  8.4076577e+001  1.8905808e+001  6.2186934e+000 -9.9997446e-001 -7.1464205e-003  0.0000000e+000  7.0931483e-003 -9.9252027e-001  1.2187373e-001 -8.7096095e-004  1.2187062e-001  9.9254561e-001  8.9587462e+001
  7.9137219e+001  2.3833185e+001  6.8280402e+000  2.6959054e+002  7.0002534e+000  9.8929194e+000  9.9996397e+000  7.4197860e+001  2.8760561e+001  7.4373869e+000  7.4183910e+001  1.8835109e+001  6.2186934e+000  8.4076577e+001  1.8905808e+001  6.2186934e+000  8.4090527e+001  2.8831260e+001  7.4373869e+000 -9.9997446e-001 -7.1464205e-003  0.0000000e+000  7.0931483e-003 -9.9252027e-001  1.2187373e-001 -8.7096095e-004  1.2187062e-001  9.9254561e-001  8.9587462e+001
  7.9151169e+001  3.3758636e+001  8.0467336e+000  2.6959054e+002  7.0002534e+000  9.8929194e+000  9.9996397e+000  7.4211811e+001  3.8686013e+001  8.6560803e+000  7.4197860e+001  2.8760561e+001  7.4373869e+000  8.4090527e+001  2.8831260e+001  7.4373869e+000  8.4104478e+001  3.8756712e+001  8.6560803e+000 -9.9997446e-001 -7.1464205e-003  0.0000000e+000  7.0931483e-003 -9.9252027e-001  1.2187373e-001 -8.7096095e-004  1.2187062e-001  9.9254561e-001  8.9587462e+001
  7.9165120e+001  4.3684088e+001  9.2654270e+000  2.6959054e+002  7.0002534e+000  9.8929194e+000  9.9996397e+000  7.4225762e+001  4.8611464e+001  9.8747737e+000  7.4211811e+001  3.8686013e+001  8.6560803e+000  8.4104478e+001  3.8756712e+001  8.6560803e+000  8.4118429e+001  4.8682163e+001  9.8747737e+000 -9.9997446e-001 -7.1464205e-003  0.0000000e+000  7.0931483e-003 -9.9252027e-001  1.2187373e-001 -8.7096095e-004  1.2187062e-001  9.9254561e-001  8.9587462e+001
  7.9178699e+001  5.3345322e+001  1.1584739e+001  2.6959054e+002  1.9999016e+001  9.8929194e+000  9.9996771e+000  7.4238970e+001  5.8008480e+001  1.3294703e+001  7.4225762e+001  4.8611464e+001  9.8747737e+000  8.4118429e+001  4.8682163e+001  9.8747737e+000  8.4131636e+001  5.8079179e+001  1.3294703e+001 -9.9997446e-001 -7.1464205e-003  0.0000000e+000  6.7154806e-003 -9.3967450e-001  3.4200401e-001 -2.4441045e-003  3.4199527e-001  9.3969849e-001  8.9564262e+001
  7.9191907e+001  6.2742288e+001  1.5004804e+001  2.6959054e+002  2.0000673e+001  9.8929194e+000  9.9996771e+000  7.4252177e+001  6.7405397e+001  1.6714905e+001  7.4238970e+001  5.8008480e+001  1.3294703e+001  8.4131636e+001  5.8079179e+001  1.3294703e+001  8.4144844e+001  6.7476096e+001  1.6714905e+001 -9.9997446e-001 -7.1464205e-003  0.0000000e+000  6.7154099e-003 -9.3966461e-001  3.4203119e-001 -2.4442987e-003  3.4202245e-001  9.3968860e-001  8.9564257e+001
  7.9205115e+001  7.2139205e+001  1.8425006e+001  2.6959054e+002  2.0000673e+001  9.8929194e+000  9.9996771e+000  7.4265385e+001  7.6802314e+001  2.0135106e+001  7.4252177e+001  6.7405397e+001  1.6714905e+001  8.4144844e+001  6.7476096e+001  1.6714905e+001  8.4158052e+001  7.6873013e+001  2.0135106e+001 -9.9997446e-001 -7.1464205e-003  0.0000000e+000  6.7154099e-003 -9.3966461e-001  3.4203119e-001 -2.4442987e-003  3.4202245e-001  9.3968860e-001  8.9564257e+001
  7.9218322e+001  8.1536122e+001  2.1845207e+001  2.6959054e+002  2.0000673e+001  9.8929194e+000  9.9996771e+000  7.4278593e+001  8.6199231e+001  2.3555308e+001  7.4265385e+001  7.6802314e+001  2.0135106e+001  8.4158052e+001  7.6873013e+001  2.0135106e+001  8.4171260e+001  8.6269930e+001  2.3555308e+001 -9.9997446e-001 -7.1464205e-003  0.0000000e+000  6.7154099e-003 -9.3966461e-001  3.4203119e-001 -2.4442987e-003  3.4202245e-001  9.3968860e-001  8.9564257e+001
  7.9231915e+001  9.1207185e+001  2.4077950e+001  2.6959054e+002  6.0002178e+000  9.8929194e+000  9.9996383e+000  7.4292571e+001  9.6144440e+001  2.4600592e+001  7.4278593e+001  8.6199231e+001  2.3555308e+001  8.4171260e+001  8.6269930e+001  2.3555308e+001  8.4185238e+001  9.6215139e+001  2.4600592e+001 -9.9997446e-001 -7.1464205e-003  0.0000000e+000  7.1072688e-003 -9.9449610e-001  1.0453224e-001 -7.4703137e-004  1.0452957e-001  9.9452150e-001  8.9588281e+001
  7.9245894e+001  1.0115239e+002  2.5123235e+001  2.6959054e+002  6.0002178e+000  9.8929194e+000  9.9996383e+000  7.4306550e+001  1.0608965e+002  2.5645877e+001  7.4292571e+001  9.6144440e+001  2.4600592e+001  8.4185238e+001  9.6215139e+001  2.4600592e+001  8.4199216e+001  1.0616035e+002  2.5645877e+001 -9.9997446e-001 -7.1464205e-003  0.0000000e+000  7.1072688e-003 -9.9449610e-001  1.0453224e-001 -7.4703137e-004  1.0452957e-001  9.9452150e-001  8.9588281e+001
  7.9259872e+001  1.1109760e+002  2.6168519e+001  2.6959054e+002  6.0002178e+000  9.8929194e+000  9.9996383e+000  7.4320528e+001  1.1603486e+002  2.6691162e+001  7.4306550e+001  1.0608965e+002  2.5645877e+001  8.4199216e+001  1.0616035e+002  2.5645877e+001  8.4213195e+001  1.1610556e+002  2.6691162e+001 -9.9997446e-001 -7.1464205e-003  0.0000000e+000  7.1072688e-003 -9.9449610e-001  1.0453224e-001 -7.4703137e-004  1.0452957e-001  9.9452150e-001  8.9588281e+001
  7.9273851e+001  1.2104281e+002  2.7213804e+001  2.6959054e+002  6.0002178e+000  9.8929194e+000  9.9996383e+000  7.4334506e+001  1.2598007e+002  2.7736446e+001  7.4320528e+001  1.1603486e+002  2.6691162e+001  8.4213195e+001  1.1610556e+002  2.6691162e+001  8.4227173e+001  1.2605077e+002  2.7736446e+001 -9.9997446e-001 -7.1464205e-003  0.0000000e+000  7.1072688e-003 -9.9449610e-001  1.0453224e-001 -7.4703137e-004  1.0452957e-001  9.9452150e-001  8.9588281e+001
  7.9287829e+001  1.3098802e+002  2.8259089e+001  2.6959054e+002  6.0002178e+000  9.8929194e+000  9.9996383e+000  7.4348485e+001  1.3592528e+002  2.8781731e+001  7.4334506e+001  1.2598007e+002  2.7736446e+001  8.4227173e+001  1.2605077e+002  2.7736446e+001  8.4241152e+001  1.3599598e+002  2.8781731e+001 -9.9997446e-001 -7.1464205e-003  0.0000000e+000  7.1072688e-003 -9.9449610e-001  1.0453224e-001 -7.4703137e-004  1.0452957e-001  9.9452150e-001  8.9588281e+001
  7.9301807e+001  1.4093323e+002  2.9304373e+001  2.6959054e+002  6.0002178e+000  9.8929194e+000  9.9996383e+000  7.4362463e+001  1.4587049e+002  2.9827015e+001  7.4348485e+001  1.3592528e+002  2.8781731e+001  8.4241152e+001  1.3599598e+002  2.8781731e+001  8.4255130e+001  1.4594118e+002  2.9827015e+001 -9.9997446e-001 -7.1464205e-003  0.0000000e+000  7.1072688e-003 -9.9449610e-001  1.0453224e-001 -7.4703137e-004  1.0452957e-001  9.9452150e-001  8.9588281e+001
  7.9315786e+001  1.5087844e+002  3.0349658e+001  2.6959054e+002  6.0002178e+000  9.8929194e+000  9.9996383e+000  7.4376442e+001  1.5581570e+002  3.0872300e+001  7.4362463e+001  1.4587049e+002  2.9827015e+001  8.4255130e+001  1.4594118e+002  2.9827015e+001  8.4269108e+001  1.5588639e+002  3.0872300e+001 -9.9997446e-001 -7.1464205e-003  0.0000000e+000  7.1072688e-003 -9.9449610e-001  1.0453224e-001 -7.4703137e-004  1.0452957e-001  9.9452150e-001  8.9588281e+001
  6.9217511e+001  4.5484315e+000  2.5000000e+000  2.6963972e+002  3.0000734e+001  9.8929191e+000  9.9997780e+000  6.4277236e+001  8.8474508e+000  5.0000000e+000  6.4265063e+001  1.8720530e-001  0.0000000e+000  7.4157787e+001  2.4941214e-001  0.0000000e+000  7.4169959e+001  8.9096576e+000  5.0000000e+000 -9.9998023e-001 -6.2880167e-003  0.0000000e+000  5.4455419e-003 -8.6600187e-001  5.0001110e-001 -3.1440781e-003  5.0000121e-001  8.6601900e-001  8.9583984e+001
  6.9230573e+001  1.3841280e+001  5.6093467e+000  2.6963972e+002  7.0002051e+000  9.8929191e+000  9.9997084e+000  6.4291186e+001  1.8772902e+001  6.2186934e+000  6.4277236e+001  8.8474508e+000  5.0000000e+000  7.4169959e+001  8.9096576e+000  5.0000000e+000  7.4183910e+001  1.8835109e+001  6.2186934e+000 -9.9998023e-001 -6.2880167e-003  0.0000000e+000  6.2411440e-003 -9.9252609e-001  1.2187290e-001 -7.6633881e-004  1.2187049e-001  9.9254572e-001  8.9637015e+001
  6.9244523e+001  2.3766732e+001  6.8280402e+000  2.6963972e+002  7.0002051e+000  9.8929191e+000  9.9997084e+000  6.4305137e+001  2.8698354e+001  7.4373869e+000  6.4291186e+001  1.8772902e+001  6.2186934e+000  7.4183910e+001  1.8835109e+001  6.2186934e+000  7.4197860e+001  2.8760561e+001  7.4373869e+000 -9.9998023e-001 -6.2880167e-003  0.0000000e+000  6.2411440e-003 -9.9252609e-001  1.2187290e-001 -7.6633881e-004  1.2187049e-001  9.9254572e-001  8.9637015e+001
  6.9258474e+001  3.3692183e+001  8.0467336e+000  2.6963972e+002  7.0002051e+000  9.8929191e+000  9.9997084e+000  6.4319088e+001  3.8623806e+001  8.6560803e+000  6.4305137e+001  2.8698354e+001  7.4373869e+000  7.4197860e+001  2.8760561e+001  7.4373869e+000  7.4211811e+001  3.8686013e+001  8.6560803e+000 -9.9998023e-001 -6.2880167e-003  0.0000000e+000  6.2411440e-003 -9.9252609e-001  1.2187290e-001 -7.6633881e-004  1.2187049e-001  9.9254572e-001  8.9637015e+001
  6.9272425e+001  4.3617635e+001  9.2654270e+000  2.6963972e+002  7.0002051e+000  9.8929191e+000  9.9997084e+000  6.4333038e+001  4.8549258e+001  9.8747737e+000  6.4319088e+001  3.8623806e+001  8.6560803e+000  7.4211811e+001  3.8686013e+001  8.6560803e+000  7.4225762e+001  4.8611464e+001  9.8747737e+000 -9.9998023e-001 -6.2880167e-003  0.0000000e+000  6.2411440e-003 -9.9252609e-001  1.2187290e-001 -7.6633881e-004  1.2187049e-001  9.9254572e-001  8.9637015e+001
  6.9286004e+001  5.3278869e+001  1.1584739e+001  2.6963972e+002  1.9998888e+001  9.8929191e+000  9.9997387e+000  6.4346246e+001  5.7946273e+001  1.3294703e+001  6.4333038e+001  4.8549258e+001  9.8747737e+000  7.4225762e+001  4.8611464e+001  9.8747737e+000  7.4238970e+001  5.8008480e+001  1.3294703e+001 -9.9998023e-001 -6.2880167e-003  0.0000000e+000  5.9088446e-003 -9.3968068e-001  3.4200190e-001 -2.1505137e-003  3.4199514e-001  9.3969926e-001  8.9616602e+001
  6.9299212e+001  6.2675835e+001  1.5004804e+001  2.6963972e+002  2.0000545e+001  9.8929191e+000  9.9997387e+000  6.4359454e+001  6.7343190e+001  1.6714905e+001  6.4346246e+001  5.7946273e+001  1.3294703e+001  7.4238970e+001  5.8008480e+001  1.3294703e+001  7.4252177e+001  6.7405397e+001  1.6714905e+001 -9.9998023e-001 -6.2880167e-003  0.0000000e+000  5.9087824e-003 -9.3967079e-001  3.4202908e-001 -2.1506846e-003  3.4202232e-001  9.3968937e-001  8.9616598e+001
  6.9312419e+001  7.2072752e+001  1.8425006e+001  2.6963972e+002  2.0000545e+001  9.8929191e+000  9.9997387e+000  6.4372662e+001  7.6740107e+001  2.0135106e+001  6.4359454e+001  6.7343190e+001  1.6714905e+001  7.4252177e+001  6.7405397e+001  1.6714905e+001  7.4265385e+001  7.6802314e+001  2.0135106e+001 -9.9998023e-001 -6.2880167e-003  0.0000000e+000  5.9087824e-003 -9.3967079e-001  3.4202908e-001 -2.1506846e-003  3.4202232e-001  9.3968937e-001  8.9616598e+001
  6.9325627e+001  8.1469669e+001  2.1845207e+001  2.6963972e+002  2.0000545e+001  9.8929191e+000  9.9997387e+000  6.4385869e+001  8.6137024e+001  2.3555308e+001  6.4372662e+001  7.6740107e+001  2.0135106e+001  7.4265385e+001  7.6802314e+001  2.0135106e+001  7.4278593e+001  8.6199231e+001  2.3555308e+001 -9.9998023e-001 -6.2880167e-003  0.0000000e+000  5.9087824e-003 -9.3967079e-001  3.4202908e-001 -2.1506846e-003  3.4202232e-001  9.3968937e-001  8.9616598e+001
  6.9339220e+001  9.1140732e+001  2.4077950e+001  2.6963972e+002  6.0001763e+000  9.8929191e+000  9.9997073e+000  6.4399848e+001  9.6082233e+001  2.4600592e+001  6.4385869e+001  8.6137024e+001  2.3555308e+001  7.4278593e+001  8.6199231e+001  2.3555308e+001  7.4292571e+001  9.6144440e+001  2.4600592e+001 -9.9998023e-001 -6.2880167e-003  0.0000000e+000  6.2535683e-003 -9.9450191e-001  1.0453152e-001 -6.5729596e-004  1.0452946e-001  9.9452157e-001  8.9637736e+001
  6.9353199e+001  1.0108594e+002  2.5123235e+001  2.6963972e+002  6.0001763e+000  9.8929191e+000  9.9997073e+000  6.4413826e+001  1.0602744e+002  2.5645877e+001  6.4399848e+001  9.6082233e+001  2.4600592e+001  7.4292571e+001  9.6144440e+001  2.4600592e+001  7.4306550e+001  1.0608965e+002  2.5645877e+001 -9.9998023e-001 -6.2880167e-003  0.0000000e+000  6.2535683e-003 -9.9450191e-001  1.0453152e-001 -6.5729596e-004  1.0452946e-001  9.9452157e-001  8.9637736e+001
  6.9367177e+001  1.1103115e+002  2.6168519e+001  2.6963972e+002  6.0001763e+000  9.8929191e+000  9.9997073e+000  6.4427805e+001  1.1597265e+002  2.6691162e+001  6.4413826e+001  1.0602744e+002  2.5645877e+001  7.4306550e+001  1.0608965e+002  2.5645877e+001  7.4320528e+001  1.1603486e+002  2.6691162e+001 -9.9998023e-001 -6.2880167e-003  0.0000000e+000  6.2535683e-003 -9.9450191e-001  1.0453152e-001 -6.5729596e-004  1.0452946e-001  9.9452157e-001  8.9637736e+001
  6.9381155e+001  1.2097636e+002  2.7213804e+001  2.6963972e+002  6.0001763e+000  9.8929191e+000  9.9997073e+000  6.4441783e+001  1.2591786e+002  2.7736446e+001  6.4427805e+001  1.1597265e+002  2.6691162e+001  7.4320528e+001  1.1603486e+002  2.6691162e+001  7.4334506e+001  1.2598007e+002  2.7736446e+001 -9.9998023e-001 -6.2880167e-003  0.0000000e+000  6.2535683e-003 -9.9450191e-001  1.0453152e-001 -6.5729596e-004  1.0452946e-001  9.9452157e-001  8.9637736e+001
  6.9395134e+001  1.3092157e+002  2.8259089e+001  2.6963972e+002  6.0001763e+000  9.8929191e+000  9.9997073e+000  6.4455761e+001  1.3586307e+002  2.8781731e+001  6.4441783e+001  1.2591786e+002  2.7736446e+001  7.4334506e+001  1.2598007e+002  2.7736446e+001  7.4348485e+001  1.3592528e+002  2.8781731e+001 -9.9998023e-001 -6.2880167e-003  0.0000000e+000  6.2535683e-003 -9.9450191e-001  1.0453152e-001 -6.5729596e-004  1.0452946e-001  9.9452157e-001  8.9637736e+001
  6.9409112e+001  1.4086678e+002  2.9304373e+001  2.6963972e+002  6.0001763e+000  9.8929191e+000  9.9997073e+000  6.4469740e+001  1.4580828e+002  2.9827015e+001  6.4455761e+001  1.3586307e+002  2.8781731e+001  7.4348485e+001  1.3592528e+002  2.8781731e+001  7.4362463e+001  1.4587049e+002  2.9827015e+001 -9.9998023e-001 -6.2880167e-003  0.0000000e+000  6.2535683e-003 -9.9450191e-001  1.0453152e-001 -6.5729596e-004  1.0452946e-001  9.9452157e-001  8.9637736e+001
  6.9423091e+001  1.5081199e+002  3.0349658e+001  2.6963972e+002  6.0001763e+000  9.8929191e+000  9.9997073e+000  6.4483718e+001  1.5575349e+002  3.0872300e+001  6.4469740e+001  1.4580828e+002  2.9827015e+001  7.4362463e+001  1.4587049e+002  2.9827015e+001  7.4376442e+001  1.5581570e+002  3.0872300e+001 -9.9998023e-001 -6.2880167e-003  0.0000000e+000  6.2535683e-003 -9.9450191e-001  1.0453152e-001 -6.5729596e-004  1.0452946e-001  9.9452157e-001  8.9637736e+001
  5.9324748e+001  4.4933465e+000  2.5000000e+000  2.6972222e+002  3.0000485e+001  9.8929190e+000  9.9998533e+000  5.4384433e+001  8.7994877e+000  5.0000000e+000  5.4372261e+001  1.3924222e-001  0.0000000e+000  6.4265063e+001  1.8720530e-001  0.0000000e+000  6.4277236e+001  8.8474508e+000  5.0000000e+000 -9.9998825e-001 -4.8482237e-003  0.0000000e+000  4.1986644e-003 -8.6601099e-001  5.0000733e-001 -2.4241474e-003  5.0000146e-001  8.6602117e-001  8.9679242e+001
  5.9337810e+001  1.3786195e+001  5.6093467e+000  2.6972222e+002  7.0001355e+000  9.8929190e+000  9.9998074e+000  5.4398384e+001  1.8724939e+001  6.2186934e+000  5.4384433e+001  8.7994877e+000  5.0000000e+000  6.4277236e+001  8.8474508e+000  5.0000000e+000  6.4291186e+001  1.8772902e+001  6.2186934e+000 -9.9998825e-001 -4.8482237e-003  0.0000000e+000  4.8120844e-003 -9.9253420e-001  1.2187169e-001 -5.9086123e-004  1.2187026e-001  9.9254586e-001  8.9720130e+001
  5.9351760e+001  2.3711647e+001  6.8280402e+000  2.6972222e+002  7.0001355e+000  9.8929190e+000  9.9998074e+000  5.4412334e+001  2.8650391e+001  7.4373869e+000  5.4398384e+001  1.8724939e+001  6.2186934e+000  6.4291186e+001  1.8772902e+001  6.2186934e+000  6.4305137e+001  2.8698354e+001  7.4373869e+000 -9.9998825e-001 -4.8482237e-003  0.0000000e+000  4.8120844e-003 -9.9253420e-001  1.2187169e-001 -5.9086123e-004  1.2187026e-001  9.9254586e-001  8.9720130e+001
  5.9365711e+001  3.3637099e+001  8.0467336e+000  2.6972222e+002  7.0001355e+000  9.8929190e+000  9.9998074e+000  5.4426285e+001  3.8575843e+001  8.6560803e+000  5.4412334e+001  2.8650391e+001  7.4373869e+000  6.4305137e+001  2.8698354e+001  7.4373869e+000  6.4319088e+001  3.8623806e+001  8.6560803e+000 -9.9998825e-001 -4.8482237e-003  0.0000000e+000  4.8120844e-003 -9.9253420e-001  1.2187169e-001 -5.9086123e-004  1.2187026e-001  9.9254586e-001  8.9720130e+001
  5.9379662e+001  4.3562550e+001  9.2654270e+000  2.6972222e+002  7.0001355e+000  9.8929190e+000  9.9998074e+000  5.4440236e+001  4.8501295e+001  9.8747737e+000  5.4426285e+001  3.8575843e+001  8.6560803e+000  6.4319088e+001  3.8623806e+001  8.6560803e+000  6.4333038e+001  4.8549258e+001  9.8747737e+000 -9.9998825e-001 -4.8482237e-003  0.0000000e+000  4.8120844e-003 -9.9253420e-001  1.2187169e-001 -5.9086123e-004  1.2187026e-001  9.9254586e-001  8.9720130e+001
  5.9393241e+001  5.3223784e+001  1.1584739e+001  2.6972222e+002  1.9998703e+001  9.8929190e+000  9.9998273e+000  5.4453443e+001  5.7898310e+001  1.3294703e+001  5.4440236e+001  4.8501295e+001  9.8747737e+000  6.4333038e+001  4.8549258e+001  9.8747737e+000  6.4346246e+001  5.7946273e+001  1.3294703e+001 -9.9998825e-001 -4.8482237e-003  0.0000000e+000  4.5558776e-003 -9.3968932e-001  3.4199887e-001 -1.6580870e-003  3.4199485e-001  9.3970036e-001  8.9704391e+001
  5.9406449e+001  6.2620750e+001  1.5004804e+001  2.6972222e+002  2.0000360e+001  9.8929190e+000  9.9998273e+000  5.4466651e+001  6.7295227e+001  1.6714905e+001  5.4453443e+001  5.7898310e+001  1.3294703e+001  6.4346246e+001  5.7946273e+001  1.3294703e+001  6.4359454e+001  6.7343190e+001  1.6714905e+001 -9.9998825e-001 -4.8482237e-003  0.0000000e+000  4.5558297e-003 -9.3967943e-001  3.4202605e-001 -1.6582188e-003  3.4202203e-001  9.3969047e-001  8.9704388e+001
  5.9419656e+001  7.2017667e+001  1.8425006e+001  2.6972222e+002  2.0000360e+001  9.8929190e+000  9.9998273e+000  5.4479859e+001  7.6692144e+001  2.0135106e+001  5.4466651e+001  6.7295227e+001  1.6714905e+001  6.4359454e+001  6.7343190e+001  1.6714905e+001  6.4372662e+001  7.6740107e+001  2.0135106e+001 -9.9998825e-001 -4.8482237e-003  0.0000000e+000  4.5558297e-003 -9.3967943e-001  3.4202605e-001 -1.6582188e-003  3.4202203e-001  9.3969047e-001  8.9704388e+001
  5.9432864e+001  8.1414584e+001  2.1845207e+001  2.6972222e+002  2.0000360e+001  9.8929190e+000  9.9998273e+000  5.4493067e+001  8.6089061e+001  2.3555308e+001  5.4479859e+001  7.6692144e+001  2.0135106e+001  6.4372662e+001  7.6740107e+001  2.0135106e+001  6.4385869e+001  8.6137024e+001  2.3555308e+001 -9.9998825e-001 -4.8482237e-003  0.0000000e+000  4.5558297e-003 -9.3967943e-001  3.4202605e-001 -1.6582188e-003  3.4202203e-001  9.3969047e-001  8.9704388e+001
  5.9446457e+001  9.1085647e+001  2.4077950e+001  2.6972222e+002  6.0001165e+000  9.8929190e+000  9.9998066e+000  5.4507045e+001  9.6034270e+001  2.4600592e+001  5.4493067e+001  8.6089061e+001  2.3555308e+001  6.4385869e+001  8.6137024e+001  2.3555308e+001  6.4399848e+001  9.6082233e+001  2.4600592e+001 -9.9998825e-001 -4.8482237e-003  0.0000000e+000  4.8216636e-003 -9.9450999e-001  1.0453049e-001 -5.0678718e-004  1.0452926e-001  9.9452168e-001  8.9720686e+001
  5.9460436e+001  1.0103086e+002  2.5123235e+001  2.6972222e+002  6.0001165e+000  9.8929190e+000  9.9998066e+000  5.4521023e+001  1.0597948e+002  2.5645877e+001  5.4507045e+001  9.6034270e+001  2.4600592e+001  6.4399848e+001  9.6082233e+001  2.4600592e+001  6.4413826e+001  1.0602744e+002  2.5645877e+001 -9.9998825e-001 -4.8482237e-003  0.0000000e+000  4.8216636e-003 -9.9450999e-001  1.0453049e-001 -5.0678718e-004  1.0452926e-001  9.9452168e-001  8.9720686e+001
  5.9474414e+001  1.1097607e+002  2.6168519e+001  2.6972222e+002  6.0001165e+000  9.8929190e+000  9.9998066e+000  5.4535002e+001  1.1592469e+002  2.6691162e+001  5.4521023e+001  1.0597948e+002  2.5645877e+001  6.4413826e+001  1.0602744e+002  2.5645877e+001  6.4427805e+001  1.1597265e+002  2.6691162e+001 -9.9998825e-001 -4.8482237e-003  0.0000000e+000  4.8216636e-003 -9.9450999e-001  1.0453049e-001 -5.0678718e-004  1.0452926e-001  9.9452168e-001  8.9720686e+001
  5.9488392e+001  1.2092127e+002  2.7213804e+001  2.6972222e+002  6.0001165e+000  9.8929190e+000  9.9998066e+000  5.4548980e+001  1.2586990e+002  2.7736446e+001  5.4535002e+001  1.1592469e+002  2.6691162e+001  6.4427805e+001  1.1597265e+002  2.6691162e+001  6.4441783e+001  1.2591786e+002  2.7736446e+001 -9.9998825e-001 -4.8482237e-003  0.0000000e+000  4.8216636e-003 -9.9450999e-001  1.0453049e-001 -5.0678718e-004  1.0452926e-001  9.9452168e-001  8.9720686e+001
  5.9502371e+001  1.3086648e+002  2.8259089e+001  2.6972222e+002  6.0001165e+000  9.8929190e+000  9.9998066e+000  5.4562959e+001  1.3581511e+002  2.8781731e+001  5.4548980e+001  1.2586990e+002  2.7736446e+001  6.4441783e+001  1.2591786e+002  2.7736446e+001  6.4455761e+001  1.3586307e+002  2.8781731e+001 -9.9998825e-001 -4.8482237e-003  0.0000000e+000  4.8216636e-003 -9.9450999e-001  1.0453049e-001 -5.0678718e-004  1.0452926e-001  9.9452168e-001  8.9720686e+001
  5.9516349e+001  1.4081169e+002  2.9304373e+001  2.6972222e+002  6.0001165e+000  9.8929190e+000  9.9998066e+000  5.4576937e+001  1.4576032e+002  2.9827015e+001  5.4562959e+001  1.3581511e+002  2.8781731e+001  6.4455761e+001  1.3586307e+002  2.8781731e+001  6.4469740e+001  1.4580828e+002  2.9827015e+001 -9.9998825e-001 -4.8482237e-003  0.0000000e+000  4.8216636e-003 -9.9450999e-001  1.0453049e-001 -5.0678718e-004  1.0452926e-001  9.9452168e-001  8.9720686e+001
  5.9530328e+001  1.5075690e+002  3.0349658e+001  2.6972222e+002  6.0001165e+000  9.8929190e+000  9.9998066e+000  5.4590915e+001  1.5570553e+002  3.0872300e+001  5.4576937e+001  1.4576032e+002  2.9827015e+001  6.4469740e+001  1.4580828e+002  2.9827015e+001  6.4483718e+001  1.5575349e+002  3.0872300e+001 -9.9998825e-001 -4.8482237e-003  0.0000000e+000  4.8216636e-003 -9.9450999e-001  1.0453049e-001 -5.0678718e-004  1.0452926e-001  9.9452168e-001  8.9720686e+001
  4.9431943e+001  4.4458959e+000  2.5000000e+000  2.6972815e+002  3.0000469e+001  9.8929195e+000  9.9998582e+000  4.4491625e+001  8.7525496e+000  5.0000000e+000  4.4479453e+001  9.2304165e-002  0.0000000e+000  5.4372261e+001  1.3924222e-001  0.0000000e+000  5.4384433e+001  8.7994877e+000  5.0000000e+000 -9.9998874e-001 -4.7446107e-003  0.0000000e+000  4.1089340e-003 -8.6601156e-001  5.0000709e-001 -2.3723390e-003  5.0000146e-001  8.6602131e-001  8.9686097e+001
  4.9445004e+001  1.3738745e+001  5.6093467e+000  2.6972815e+002  7.0001311e+000  9.8929195e+000  9.9998137e+000  4.4505575e+001  1.8678001e+001  6.2186934e+000  4.4491625e+001  8.7525496e+000  5.0000000e+000  5.4384433e+001  8.7994877e+000  5.0000000e+000  5.4398384e+001  1.8724939e+001  6.2186934e+000 -9.9998874e-001 -4.7446107e-003  0.0000000e+000  4.7092438e-003 -9.9253470e-001  1.2187161e-001 -5.7823337e-004  1.2187024e-001  9.9254587e-001  8.9726111e+001
  4.9458955e+001  2.3664196e+001  6.8280402e+000  2.6972815e+002  7.0001311e+000  9.8929195e+000  9.9998137e+000  4.4519526e+001  2.8603453e+001  7.4373869e+000  4.4505575e+001  1.8678001e+001  6.2186934e+000  5.4398384e+001  1.8724939e+001  6.2186934e+000  5.4412334e+001  2.8650391e+001  7.4373869e+000 -9.9998874e-001 -4.7446107e-003  0.0000000e+000  4.7092438e-003 -9.9253470e-001  1.2187161e-001 -5.7823337e-004  1.2187024e-001  9.9254587e-001  8.9726111e+001
  4.9472905e+001  3.3589648e+001  8.0467336e+000  2.6972815e+002  7.0001311e+000  9.8929195e+000  9.9998137e+000  4.4533477e+001  3.8528905e+001  8.6560803e+000  4.4519526e+001  2.8603453e+001  7.4373869e+000  5.4412334e+001  2.8650391e+001  7.4373869e+000  5.4426285e+001  3.8575843e+001  8.6560803e+000 -9.9998874e-001 -4.7446107e-003  0.0000000e+000  4.7092438e-003 -9.9253470e-001  1.2187161e-001 -5.7823337e-004  1.2187024e-001  9.9254587e-001  8.9726111e+001
  4.9486856e+001  4.3515100e+001  9.2654270e+000  2.6972815e+002  7.0001311e+000  9.8929195e+000  9.9998137e+000  4.4547427e+001  4.8454356e+001  9.8747737e+000  4.4533477e+001  3.8528905e+001  8.6560803e+000  5.4426285e+001  3.8575843e+001  8.6560803e+000  5.4440236e+001  4.8501295e+001  9.8747737e+000 -9.9998874e-001 -4.7446107e-003  0.0000000e+000  4.7092438e-003 -9.9253470e-001  1.2187161e-001 -5.7823337e-004  1.2187024e-001  9.9254587e-001  8.9726111e+001
  4.9500435e+001  5.3176333e+001  1.1584739e+001  2.6972815e+002  1.9998691e+001  9.8929195e+000  9.9998330e+000  4.4560635e+001  5.7851372e+001  1.3294703e+001  4.4547427e+001  4.8454356e+001  9.8747737e+000  5.4440236e+001  4.8501295e+001  9.8747737e+000  5.4453443e+001  5.7898310e+001  1.3294703e+001 -9.9998874e-001 -4.7446107e-003  0.0000000e+000  4.4585128e-003 -9.3968986e-001  3.4199868e-001 -1.6226506e-003  3.4199483e-001  9.3970043e-001  8.9710709e+001
  4.9513643e+001  6.2573300e+001  1.5004804e+001  2.6972815e+002  2.0000348e+001  9.8929195e+000  9.9998330e+000  4.4573843e+001  6.7248289e+001  1.6714905e+001  4.4560635e+001  5.7851372e+001  1.3294703e+001  5.4453443e+001  5.7898310e+001  1.3294703e+001  5.4466651e+001  6.7295227e+001  1.6714905e+001 -9.9998874e-001 -4.7446107e-003  0.0000000e+000  4.4584658e-003 -9.3967996e-001  3.4202586e-001 -1.6227795e-003  3.4202201e-001  9.3969054e-001  8.9710706e+001
  4.9526851e+001  7.1970217e+001  1.8425006e+001  2.6972815e+002  2.0000348e+001  9.8929195e+000  9.9998330e+000  4.4587051e+001  7.6645206e+001  2.0135106e+001  4.4573843e+001  6.7248289e+001  1.6714905e+001  5.4466651e+001  6.7295227e+001  1.6714905e+001  5.4479859e+001  7.6692144e+001  2.0135106e+001 -9.9998874e-001 -4.7446107e-003  0.0000000e+000  4.4584658e-003 -9.3967996e-001  3.4202586e-001 -1.6227795e-003  3.4202201e-001  9.3969054e-001  8.9710706e+001
  4.9540059e+001  8.1367134e+001  2.1845207e+001  2.6972815e+002  2.0000348e+001  9.8929195e+000  9.9998330e+000  4.4600258e+001  8.6042123e+001  2.3555308e+001  4.4587051e+001  7.6645206e+001  2.0135106e+001  5.4479859e+001  7.6692144e+001  2.0135106e+001  5.4493067e+001  8.6089061e+001  2.3555308e+001 -9.9998874e-001 -4.7446107e-003  0.0000000e+000  4.4584658e-003 -9.3967996e-001  3.4202586e-001 -1.6227795e-003  3.4202201e-001  9.3969054e-001  8.9710706e+001
  4.9553652e+001  9.1038197e+001  2.4077950e+001  2.6972815e+002  6.0001126e+000  9.8929195e+000  9.9998129e+000  4.4614237e+001  9.5987332e+001  2.4600592e+001  4.4600258e+001  8.6042123e+001  2.3555308e+001  5.4493067e+001  8.6089061e+001  2.3555308e+001  5.4507045e+001  9.6034270e+001  2.4600592e+001 -9.9998874e-001 -4.7446107e-003  0.0000000e+000  4.7186183e-003 -9.9451050e-001  1.0453042e-001 -4.9595614e-004  1.0452924e-001  9.9452169e-001  8.9726655e+001
  4.9567630e+001  1.0098341e+002  2.5123235e+001  2.6972815e+002  6.0001126e+000  9.8929195e+000  9.9998129e+000  4.4628215e+001  1.0593254e+002  2.5645877e+001  4.4614237e+001  9.5987332e+001  2.4600592e+001  5.4507045e+001  9.6034270e+001  2.4600592e+001  5.4521023e+001  1.0597948e+002  2.5645877e+001 -9.9998874e-001 -4.7446107e-003  0.0000000e+000  4.7186183e-003 -9.9451050e-001  1.0453042e-001 -4.9595614e-004  1.0452924e-001  9.9452169e-001  8.9726655e+001
  4.9581609e+001  1.1092861e+002  2.6168519e+001  2.6972815e+002  6.0001126e+000  9.8929195e+000  9.9998129e+000  4.4642194e+001  1.1587775e+002  2.6691162e+001  4.4628215e+001  1.0593254e+002  2.5645877e+001  5.4521023e+001  1.0597948e+002  2.5645877e+001  5.4535002e+001  1.1592469e+002  2.6691162e+001 -9.9998874e-001 -4.7446107e-003  0.0000000e+000  4.7186183e-003 -9.9451050e-001  1.0453042e-001 -4.9595614e-004  1.0452924e-001  9.9452169e-001  8.9726655e+001
  4.9595587e+001  1.2087382e+002  2.7213804e+001  2.6972815e+002  6.0001126e+000  9.8929195e+000  9.9998129e+000  4.4656172e+001  1.2582296e+002  2.7736446e+001  4.4642194e+001  1.1587775e+002  2.6691162e+001  5.4535002e+001  1.1592469e+002  2.6691162e+001  5.4548980e+001  1.2586990e+002  2.7736446e+001 -9.9998874e-001 -4.7446107e-003  0.0000000e+000  4.7186183e-003 -9.9451050e-001  1.0453042e-001 -4.9595614e-004  1.0452924e-001  9.9452169e-001  8.9726655e+001
  4.9609565e+001  1.3081903e+002  2.8259089e+001  2.6972815e+002  6.0001126e+000  9.8929195e+000  9.9998129e+000  4.4670150e+001  1.3576817e+002  2.8781731e+001  4.4656172e+001  1.2582296e+002  2.7736446e+001  5.4548980e+001  1.2586990e+002  2.7736446e+001  5.4562959e+001  1.3581511e+002  2.8781731e+001 -9.9998874e-001 -4.7446107e-003  0.0000000e+000  4.7186183e-003 -9.9451050e-001  1.0453042e-001 -4.9595614e-004  1.0452924e-001  9.9452169e-001  8.9726655e+001
  4.9623544e+001  1.4076424e+002  2.9304373e+001  2.6972815e+002  6.0001126e+000  9.8929195e+000  9.9998129e+000  4.4684129e+001  1.4571338e+002  2.9827015e+001  4.4670150e+001  1.3576817e+002  2.8781731e+001  5.4562959e+001  1.3581511e+002  2.8781731e+001  5.4576937e+001  1.4576032e+002  2.9827015e+001 -9.9998874e-001 -4.7446107e-003  0.0000000e+000  4.7186183e-003 -9.9451050e-001  1.0453042e-001 -4.9595614e-004  1.0452924e-001  9.9452169e-001  8.9726655e+001
  4.9637522e+001  1.5070945e+002  3.0349658e+001  2.6972815e+002  6.0001126e+000  9.8929195e+000  9.9998129e+000  4.4698107e+001  1.5565859e+002  3.0872300e+001  4.4684129e+001  1.4571338e+002  2.9827015e+001  5.4576937e+001  1.4576032e+002  2.9827015e+001  5.4590915e+001  1.5570553e+002  3.0872300e+001 -9.9998874e-001 -4.7446107e-003  0.0000000e+000  4.7186183e-003 -9.9451050e-001  1.0453042e-001 -4.9595614e-004  1.0452924e-001  9.9452169e-001  8.9726655e+001
  3.9539116e+001  4.4035663e+000  2.5000000e+000  2.6978153e+002  3.0000338e+001  9.8929174e+000  9.9998979e+000  3.4598779e+001  8.7148284e+000  5.0000000e+000  3.4586607e+001  5.4582923e-002  0.0000000e+000  4.4479453e+001  9.2304165e-002  0.0000000e+000  4.4491625e+001  8.7525496e+000  5.0000000e+000 -9.9999273e-001 -3.8129543e-003  0.0000000e+000  3.3021041e-003 -8.6601616e-001  5.0000511e-001 -1.9064966e-003  5.0000147e-001  8.6602246e-001  8.9747736e+001
  3.9552177e+001  1.3696415e+001  5.6093467e+000  2.6978153e+002  7.0000944e+000  9.8929174e+000  9.9998659e+000  3.4612730e+001  1.8640280e+001  6.2186934e+000  3.4598779e+001  8.7148284e+000  5.0000000e+000  4.4491625e+001  8.7525496e+000  5.0000000e+000  4.4505575e+001  1.8678001e+001  6.2186934e+000 -9.9999273e-001 -3.8129543e-003  0.0000000e+000  3.7845324e-003 -9.9253874e-001  1.2187098e-001 -4.6468847e-004  1.2187009e-001  9.9254595e-001  8.9779893e+001
  3.9566128e+001  2.3621867e+001  6.8280402e+000  2.6978153e+002  7.0000944e+000  9.8929174e+000  9.9998659e+000  3.4626681e+001  2.8565732e+001  7.4373869e+000  3.4612730e+001  1.8640280e+001  6.2186934e+000  4.4505575e+001  1.8678001e+001  6.2186934e+000  4.4519526e+001  2.8603453e+001  7.4373869e+000 -9.9999273e-001 -3.8129543e-003  0.0000000e+000  3.7845324e-003 -9.9253874e-001  1.2187098e-001 -4.6468847e-004  1.2187009e-001  9.9254595e-001  8.9779893e+001
  3.9580079e+001  3.3547318e+001  8.0467336e+000  2.6978153e+002  7.0000944e+000  9.8929174e+000  9.9998659e+000  3.4640631e+001  3.8491184e+001  8.6560803e+000  3.4626681e+001  2.8565732e+001  7.4373869e+000  4.4519526e+001  2.8603453e+001  7.4373869e+000  4.4533477e+001  3.8528905e+001  8.6560803e+000 -9.9999273e-001 -3.8129543e-003  0.0000000e+000  3.7845324e-003 -9.9253874e-001  1.2187098e-001 -4.6468847e-004  1.2187009e-001  9.9254595e-001  8.9779893e+001
  3.9594029e+001  4.3472770e+001  9.2654270e+000  2.6978153e+002  7.0000944e+000  9.8929174e+000  9.9998659e+000  3.4654582e+001  4.8416635e+001  9.8747737e+000  3.4640631e+001  3.8491184e+001  8.6560803e+000  4.4533477e+001  3.8528905e+001  8.6560803e+000  4.4547427e+001  4.8454356e+001  9.8747737e+000 -9.9999273e-001 -3.8129543e-003  0.0000000e+000  3.7845324e-003 -9.9253874e-001  1.2187098e-001 -4.6468847e-004  1.2187009e-001  9.9254595e-001  8.9779893e+001
