  8.7352044e+001  3.2334545e+000  1.6666667e+000  2.6953791e+002  3.0001113e+001  4.9462933e+001  8.4062626e+001  8.9803566e+000  5.0000000e+000  8.4050454e+001  3.2011110e-001  0.0000000e+000  9.3943051e+001  3.9989579e-001  0.0000000e+000 -9.9996748e-001 -8.0648275e-003  0.0000000e+000  6.9842672e-003 -8.6598753e-001  5.0001682e-001 -4.0325494e-003  5.0000056e-001  8.6601569e-001  8.9466427e+001
  9.0653634e+001  6.1467979e+000  3.3333333e+000  2.6953791e+002  3.0001113e+001  4.9462933e+001  8.4062626e+001  8.9803566e+000  5.0000000e+000  9.3955224e+001  9.0601413e+000  5.0000000e+000  9.3943051e+001  3.9989579e-001  0.0000000e+000 -9.9996748e-001 -8.0648275e-003  0.0000000e+000  6.9842672e-003 -8.6598753e-001  5.0001682e-001 -4.0325494e-003  5.0000056e-001  8.6601569e-001  8.9466427e+001
  8.7364809e+001  1.2315435e+001  5.4062311e+000  2.6953791e+002  7.0003108e+000  4.9462411e+001  8.4076577e+001  1.8905808e+001  6.2186934e+000  8.4062626e+001  8.9803566e+000  5.0000000e+000  9.3955224e+001  9.0601413e+000  5.0000000e+000 -9.9996748e-001 -8.0648275e-003  0.0000000e+000  8.0047082e-003 -9.9251321e-001  1.2187473e-001 -9.8289866e-004  1.2187076e-001  9.9254549e-001  8.9534444e+001
  9.0666992e+001  1.5650514e+001  5.8124623e+000  2.6953791e+002  7.0003108e+000  4.9462411e+001  8.4076577e+001  1.8905808e+001  6.2186934e+000  9.3969174e+001  1.8985593e+001  6.2186934e+000  9.3955224e+001  9.0601413e+000  5.0000000e+000 -9.9996748e-001 -8.0648275e-003  0.0000000e+000  8.0047082e-003 -9.9251321e-001  1.2187473e-001 -9.8289866e-004  1.2187076e-001  9.9254549e-001  8.9534444e+001
  8.7378759e+001  2.2240887e+001  6.6249246e+000  2.6953791e+002  7.0003108e+000  4.9462411e+001  8.4090527e+001  2.8831260e+001  7.4373869e+000  8.4076577e+001  1.8905808e+001  6.2186934e+000  9.3969174e+001  1.8985593e+001  6.2186934e+000 -9.9996748e-001 -8.0648275e-003  0.0000000e+000  8.0047082e-003 -9.9251321e-001  1.2187473e-001 -9.8289866e-004  1.2187076e-001  9.9254549e-001  8.9534444e+001
  9.0680942e+001  2.5575966e+001  7.0311557e+000  2.6953791e+002  7.0003108e+000  4.9462411e+001  8.4090527e+001  2.8831260e+001  7.4373869e+000  9.3983125e+001  2.8911045e+001  7.4373869e+000  9.3969174e+001  1.8985593e+001  6.2186934e+000 -9.9996748e-001 -8.0648275e-003  0.0000000e+000  8.0047082e-003 -9.9251321e-001  1.2187473e-001 -9.8289866e-004  1.2187076e-001  9.9254549e-001  8.9534444e+001
  8.7392710e+001  3.2166339e+001  7.8436180e+000  2.6953791e+002  7.0003108e+000  4.9462411e+001  8.4104478e+001  3.8756712e+001  8.6560803e+000  8.4090527e+001  2.8831260e+001  7.4373869e+000  9.3983125e+001  2.8911045e+001  7.4373869e+000 -9.9996748e-001 -8.0648275e-003  0.0000000e+000  8.0047082e-003 -9.9251321e-001  1.2187473e-001 -9.8289866e-004  1.2187076e-001  9.9254549e-001  8.9534444e+001
  9.0694893e+001  3.5501418e+001  8.2498492e+000  2.6953791e+002  7.0003108e+000  4.9462411e+001  8.4104478e+001  3.8756712e+001  8.6560803e+000  9.3997075e+001  3.8836496e+001  8.6560803e+000  9.3983125e+001  2.8911045e+001  7.4373869e+000 -9.9996748e-001 -8.0648275e-003  0.0000000e+000  8.0047082e-003 -9.9251321e-001  1.2187473e-001 -9.8289866e-004  1.2187076e-001  9.9254549e-001  8.9534444e+001
  8.7406661e+001  4.2091790e+001  9.0623114e+000  2.6953791e+002  7.0003108e+000  4.9462411e+001  8.4118429e+001  4.8682163e+001  9.8747737e+000  8.4104478e+001  3.8756712e+001  8.6560803e+000  9.3997075e+001  3.8836496e+001  8.6560803e+000 -9.9996748e-001 -8.0648275e-003  0.0000000e+000  8.0047082e-003 -9.9251321e-001  1.2187473e-001 -9.8289866e-004  1.2187076e-001  9.9254549e-001  8.9534444e+001
  9.0708843e+001  4.5426869e+001  9.4685426e+000  2.6953791e+002  7.0003108e+000  4.9462411e+001  8.4118429e+001  4.8682163e+001  9.8747737e+000  9.4011026e+001  4.8761948e+001  9.8747737e+000  9.3997075e+001  3.8836496e+001  8.6560803e+000 -9.9996748e-001 -8.0648275e-003  0.0000000e+000  8.0047082e-003 -9.9251321e-001  1.2187473e-001 -9.8289866e-004  1.2187076e-001  9.9254549e-001  8.9534444e+001
  8.7420364e+001  5.1841097e+001  1.1014750e+001  2.6953791e+002  1.9999169e+001  4.9462638e+001  8.4131636e+001  5.8079179e+001  1.3294703e+001  8.4118429e+001  4.8682163e+001  9.8747737e+000  9.4011026e+001  4.8761948e+001  9.8747737e+000 -9.9996748e-001 -8.0648275e-003  0.0000000e+000  7.5784989e-003 -9.3966702e-001  3.4200651e-001 -2.7582235e-003  3.4199538e-001  9.3969758e-001  8.9508263e+001
  9.0722299e+001  5.5000030e+001  1.2154727e+001  2.6953791e+002  1.9999169e+001  4.9462638e+001  8.4131636e+001  5.8079179e+001  1.3294703e+001  9.4024234e+001  5.8158964e+001  1.3294703e+001  9.4011026e+001  4.8761948e+001  9.8747737e+000 -9.9996748e-001 -8.0648275e-003  0.0000000e+000  7.5784989e-003 -9.3966702e-001  3.4200651e-001 -2.7582235e-003  3.4199538e-001  9.3969758e-001  8.9508263e+001
  8.7433571e+001  6.1238080e+001  1.4434770e+001  2.6953791e+002  2.0000826e+001  4.9462638e+001  8.4144844e+001  6.7476096e+001  1.6714905e+001  8.4131636e+001  5.8079179e+001  1.3294703e+001  9.4024234e+001  5.8158964e+001  1.3294703e+001 -9.9996748e-001 -8.0648275e-003  0.0000000e+000  7.5784192e-003 -9.3965713e-001  3.4203369e-001 -2.7584427e-003  3.4202256e-001  9.3968769e-001  8.9508258e+001
  9.0735507e+001  6.4396980e+001  1.5574838e+001  2.6953791e+002  2.0000826e+001  4.9462638e+001  8.4144844e+001  6.7476096e+001  1.6714905e+001  9.4037442e+001  6.7555881e+001  1.6714905e+001  9.4024234e+001  5.8158964e+001  1.3294703e+001 -9.9996748e-001 -8.0648275e-003  0.0000000e+000  7.5784192e-003 -9.3965713e-001  3.4203369e-001 -2.7584427e-003  3.4202256e-001  9.3968769e-001  8.9508258e+001
  8.7446779e+001  7.0634997e+001  1.7854972e+001  2.6953791e+002  2.0000826e+001  4.9462638e+001  8.4158052e+001  7.6873013e+001  2.0135106e+001  8.4144844e+001  6.7476096e+001  1.6714905e+001  9.4037442e+001  6.7555881e+001  1.6714905e+001 -9.9996748e-001 -8.0648275e-003  0.0000000e+000  7.5784192e-003 -9.3965713e-001  3.4203369e-001 -2.7584427e-003  3.4202256e-001  9.3968769e-001  8.9508258e+001
  9.0748714e+001  7.3793897e+001  1.8995039e+001  2.6953791e+002  2.0000826e+001  4.9462638e+001  8.4158052e+001  7.6873013e+001  2.0135106e+001  9.4050649e+001  7.6952798e+001  2.0135106e+001  9.4037442e+001  6.7555881e+001  1.6714905e+001 -9.9996748e-001 -8.0648275e-003  0.0000000e+000  7.5784192e-003 -9.3965713e-001  3.4203369e-001 -2.7584427e-003  3.4202256e-001  9.3968769e-001  8.9508258e+001
  8.7459987e+001  8.0031914e+001  2.1275173e+001  2.6953791e+002  2.0000826e+001  4.9462638e+001  8.4171260e+001  8.6269930e+001  2.3555308e+001  8.4158052e+001  7.6873013e+001  2.0135106e+001  9.4050649e+001  7.6952798e+001  2.0135106e+001 -9.9996748e-001 -8.0648275e-003  0.0000000e+000  7.5784192e-003 -9.3965713e-001  3.4203369e-001 -2.7584427e-003  3.4202256e-001  9.3968769e-001  8.9508258e+001
  9.0761922e+001  8.3190814e+001  2.2415241e+001  2.6953791e+002  2.0000826e+001  4.9462638e+001  8.4171260e+001  8.6269930e+001  2.3555308e+001  9.4063857e+001  8.6349715e+001  2.3555308e+001  9.4050649e+001  7.6952798e+001  2.0135106e+001 -9.9996748e-001 -8.0648275e-003  0.0000000e+000  7.5784192e-003 -9.3965713e-001  3.4203369e-001 -2.7584427e-003  3.4202256e-001  9.3968769e-001  8.9508258e+001
  8.7473452e+001  8.9611595e+001  2.3903736e+001  2.6953791e+002  6.0002671e+000  4.9462403e+001  8.4185238e+001  9.6215139e+001  2.4600592e+001  8.4171260e+001  8.6269930e+001  2.3555308e+001  9.4063857e+001  8.6349715e+001  2.3555308e+001 -9.9996748e-001 -8.0648275e-003  0.0000000e+000  8.0206436e-003 -9.9448906e-001  1.0453310e-001 -8.4304142e-004  1.0452970e-001  9.9452141e-001  8.9535369e+001
  9.0775644e+001  9.2953259e+001  2.4252164e+001  2.6953791e+002  6.0002671e+000  4.9462403e+001  8.4185238e+001  9.6215139e+001  2.4600592e+001  9.4077836e+001  9.6294924e+001  2.4600592e+001  9.4063857e+001  8.6349715e+001  2.3555308e+001 -9.9996748e-001 -8.0648275e-003  0.0000000e+000  8.0206436e-003 -9.9448906e-001  1.0453310e-001 -8.4304142e-004  1.0452970e-001  9.9452141e-001  8.9535369e+001
  8.7487430e+001  9.9556804e+001  2.4949020e+001  2.6953791e+002  6.0002671e+000  4.9462403e+001  8.4199216e+001  1.0616035e+002  2.5645877e+001  8.4185238e+001  9.6215139e+001  2.4600592e+001  9.4077836e+001  9.6294924e+001  2.4600592e+001 -9.9996748e-001 -8.0648275e-003  0.0000000e+000  8.0206436e-003 -9.9448906e-001  1.0453310e-001 -8.4304142e-004  1.0452970e-001  9.9452141e-001  8.9535369e+001
  9.0789622e+001  1.0289847e+002  2.5297449e+001  2.6953791e+002  6.0002671e+000  4.9462403e+001  8.4199216e+001  1.0616035e+002  2.5645877e+001  9.4091814e+001  1.0624013e+002  2.5645877e+001  9.4077836e+001  9.6294924e+001  2.4600592e+001 -9.9996748e-001 -8.0648275e-003  0.0000000e+000  8.0206436e-003 -9.9448906e-001  1.0453310e-001 -8.4304142e-004  1.0452970e-001  9.9452141e-001  8.9535369e+001
  8.7501408e+001  1.0950201e+002  2.5994305e+001  2.6953791e+002  6.0002671e+000  4.9462403e+001  8.4213195e+001  1.1610556e+002  2.6691162e+001  8.4199216e+001  1.0616035e+002  2.5645877e+001  9.4091814e+001  1.0624013e+002  2.5645877e+001 -9.9996748e-001 -8.0648275e-003  0.0000000e+000  8.0206436e-003 -9.9448906e-001  1.0453310e-001 -8.4304142e-004  1.0452970e-001  9.9452141e-001  8.9535369e+001
  9.0803600e+001  1.1284368e+002  2.6342734e+001  2.6953791e+002  6.0002671e+000  4.9462403e+001  8.4213195e+001  1.1610556e+002  2.6691162e+001  9.4105792e+001  1.1618534e+002  2.6691162e+001  9.4091814e+001  1.0624013e+002  2.5645877e+001 -9.9996748e-001 -8.0648275e-003  0.0000000e+000  8.0206436e-003 -9.9448906e-001  1.0453310e-001 -8.4304142e-004  1.0452970e-001  9.9452141e-001  8.9535369e+001
  8.7515387e+001  1.1944722e+002  2.7039590e+001  2.6953791e+002  6.0002671e+000  4.9462403e+001  8.4227173e+001  1.2605077e+002  2.7736446e+001  8.4213195e+001  1.1610556e+002  2.6691162e+001  9.4105792e+001  1.1618534e+002  2.6691162e+001 -9.9996748e-001 -8.0648275e-003  0.0000000e+000  8.0206436e-003 -9.9448906e-001  1.0453310e-001 -8.4304142e-004  1.0452970e-001  9.9452141e-001  8.9535369e+001
  9.0817579e+001  1.2278889e+002  2.7388018e+001  2.6953791e+002  6.0002671e+000  4.9462403e+001  8.4227173e+001  1.2605077e+002  2.7736446e+001  9.4119771e+001  1.2613055e+002  2.7736446e+001  9.4105792e+001  1.1618534e+002  2.6691162e+001 -9.9996748e-001 -8.0648275e-003  0.0000000e+000  8.0206436e-003 -9.9448906e-001  1.0453310e-001 -8.4304142e-004  1.0452970e-001  9.9452141e-001  8.9535369e+001
  8.7529365e+001  1.2939243e+002  2.8084874e+001  2.6953791e+002  6.0002671e+000  4.9462403e+001  8.4241152e+001  1.3599598e+002  2.8781731e+001  8.4227173e+001  1.2605077e+002  2.7736446e+001  9.4119771e+001  1.2613055e+002  2.7736446e+001 -9.9996748e-001 -8.0648275e-003  0.0000000e+000  8.0206436e-003 -9.9448906e-001  1.0453310e-001 -8.4304142e-004  1.0452970e-001  9.9452141e-001  8.9535369e+001
  9.0831557e+001  1.3273410e+002  2.8433303e+001  2.6953791e+002  6.0002671e+000  4.9462403e+001  8.4241152e+001  1.3599598e+002  2.8781731e+001  9.4133749e+001  1.3607576e+002  2.8781731e+001  9.4119771e+001  1.2613055e+002  2.7736446e+001 -9.9996748e-001 -8.0648275e-003  0.0000000e+000  8.0206436e-003 -9.9448906e-001  1.0453310e-001 -8.4304142e-004  1.0452970e-001  9.9452141e-001  8.9535369e+001
  8.7543344e+001  1.3933764e+002  2.9130159e+001  2.6953791e+002  6.0002671e+000  4.9462403e+001  8.4255130e+001  1.4594118e+002  2.9827015e+001  8.4241152e+001  1.3599598e+002  2.8781731e+001  9.4133749e+001  1.3607576e+002  2.8781731e+001 -9.9996748e-001 -8.0648275e-003  0.0000000e+000  8.0206436e-003 -9.9448906e-001  1.0453310e-001 -8.4304142e-004  1.0452970e-001  9.9452141e-001  8.9535369e+001
  9.0845536e+001  1.4267930e+002  2.9478587e+001  2.6953791e+002  6.0002671e+000  4.9462403e+001  8.4255130e+001  1.4594118e+002  2.9827015e+001  9.4147728e+001  1.4602097e+002  2.9827015e+001  9.4133749e+001  1.3607576e+002  2.8781731e+001 -9.9996748e-001 -8.0648275e-003  0.0000000e+000  8.0206436e-003 -9.9448906e-001  1.0453310e-001 -8.4304142e-004  1.0452970e-001  9.9452141e-001  8.9535369e+001
  8.7557322e+001  1.4928285e+002  3.0175443e+001  2.6953791e+002  6.0002671e+000  4.9462403e+001  8.4269108e+001  1.5588639e+002  3.0872300e+001  8.4255130e+001  1.4594118e+002  2.9827015e+001  9.4147728e+001  1.4602097e+002  2.9827015e+001 -9.9996748e-001 -8.0648275e-003  0.0000000e+000  8.0206436e-003 -9.9448906e-001  1.0453310e-001 -8.4304142e-004  1.0452970e-001  9.9452141e-001  8.9535369e+001
  9.0859514e+001  1.5262451e+002  3.0523872e+001  2.6953791e+002  6.0002671e+000  4.9462403e+001  8.4269108e+001  1.5588639e+002  3.0872300e+001  9.4161706e+001  1.5596618e+002  3.0872300e+001  9.4147728e+001  1.4602097e+002  2.9827015e+001 -9.9996748e-001 -8.0648275e-003  0.0000000e+000  8.0206436e-003 -9.9448906e-001  1.0453310e-001 -8.4304142e-004  1.0452970e-001  9.9452141e-001  8.9535369e+001
  7.7459400e+001  3.1597269e+000  1.6666667e+000  2.6959054e+002  3.0000907e+001  4.9463240e+001  7.4169959e+001  8.9096576e+000  5.0000000e+000  7.4157787e+001  2.4941214e-001  0.0000000e+000  8.4050454e+001  3.2011110e-001  0.0000000e+000 -9.9997446e-001 -7.1464205e-003  0.0000000e+000  6.1889251e-003 -8.6599537e-001  5.0001371e-001 -3.5733083e-003  5.0000095e-001  8.6601749e-001  8.9527191e+001
  8.0761013e+001  6.0700418e+000  3.3333333e+000  2.6959054e+002  3.0000907e+001  4.9463240e+001  7.4169959e+001  8.9096576e+000  5.0000000e+000  8.4062626e+001  8.9803566e+000  5.0000000e+000  8.4050454e+001  3.2011110e-001  0.0000000e+000 -9.9997446e-001 -7.1464205e-003  0.0000000e+000  6.1889251e-003 -8.6599537e-001  5.0001371e-001 -3.5733083e-003  5.0000095e-001  8.6601749e-001  8.9527191e+001
  7.7472165e+001  1.2241708e+001  5.4062311e+000  2.6959054e+002  7.0002534e+000  4.9462815e+001  7.4183910e+001  1.8835109e+001  6.2186934e+000  7.4169959e+001  8.9096576e+000  5.0000000e+000  8.4062626e+001  8.9803566e+000  5.0000000e+000 -9.9997446e-001 -7.1464205e-003  0.0000000e+000  7.0931483e-003 -9.9252027e-001  1.2187373e-001 -8.7096095e-004  1.2187062e-001  9.9254561e-001  8.9587462e+001
  8.0774371e+001  1.5573758e+001  5.8124623e+000  2.6959054e+002  7.0002534e+000  4.9462815e+001  7.4183910e+001  1.8835109e+001  6.2186934e+000  8.4076577e+001  1.8905808e+001  6.2186934e+000  8.4062626e+001  8.9803566e+000  5.0000000e+000 -9.9997446e-001 -7.1464205e-003  0.0000000e+000  7.0931483e-003 -9.9252027e-001  1.2187373e-001 -8.7096095e-004  1.2187062e-001  9.9254561e-001  8.9587462e+001
  7.7486116e+001  2.2167159e+001  6.6249246e+000  2.6959054e+002  7.0002534e+000  4.9462815e+001  7.4197860e+001  2.8760561e+001  7.4373869e+000  7.4183910e+001  1.8835109e+001  6.2186934e+000  8.4076577e+001  1.8905808e+001  6.2186934e+000 -9.9997446e-001 -7.1464205e-003  0.0000000e+000  7.0931483e-003 -9.9252027e-001  1.2187373e-001 -8.7096095e-004  1.2187062e-001  9.9254561e-001  8.9587462e+001
  8.0788321e+001  2.5499210e+001  7.0311557e+000  2.6959054e+002  7.0002534e+000  4.9462815e+001  7.4197860e+001  2.8760561e+001  7.4373869e+000  8.4090527e+001  2.8831260e+001  7.4373869e+000  8.4076577e+001  1.8905808e+001  6.2186934e+000 -9.9997446e-001 -7.1464205e-003  0.0000000e+000  7.0931483e-003 -9.9252027e-001  1.2187373e-001 -8.7096095e-004  1.2187062e-001  9.9254561e-001  8.9587462e+001
  7.7500066e+001  3.2092611e+001  7.8436180e+000  2.6959054e+002  7.0002534e+000  4.9462815e+001  7.4211811e+001  3.8686013e+001  8.6560803e+000  7.4197860e+001  2.8760561e+001  7.4373869e+000  8.4090527e+001  2.8831260e+001  7.4373869e+000 -9.9997446e-001 -7.1464205e-003  0.0000000e+000  7.0931483e-003 -9.9252027e-001  1.2187373e-001 -8.7096095e-004  1.2187062e-001  9.9254561e-001  8.9587462e+001
  8.0802272e+001  3.5424662e+001  8.2498492e+000  2.6959054e+002  7.0002534e+000  4.9462815e+001  7.4211811e+001  3.8686013e+001  8.6560803e+000  8.4104478e+001  3.8756712e+001  8.6560803e+000  8.4090527e+001  2.8831260e+001  7.4373869e+000 -9.9997446e-001 -7.1464205e-003  0.0000000e+000  7.0931483e-003 -9.9252027e-001  1.2187373e-001 -8.7096095e-004  1.2187062e-001  9.9254561e-001  8.9587462e+001
  7.7514017e+001  4.2018063e+001  9.0623114e+000  2.6959054e+002  7.0002534e+000  4.9462815e+001  7.4225762e+001  4.8611464e+001  9.8747737e+000  7.4211811e+001  3.8686013e+001  8.6560803e+000  8.4104478e+001  3.8756712e+001  8.6560803e+000 -9.9997446e-001 -7.1464205e-003  0.0000000e+000  7.0931483e-003 -9.9252027e-001  1.2187373e-001 -8.7096095e-004  1.2187062e-001  9.9254561e-001  8.9587462e+001
  8.0816223e+001  4.5350113e+001  9.4685426e+000  2.6959054e+002  7.0002534e+000  4.9462815e+001  7.4225762e+001  4.8611464e+001  9.8747737e+000  8.4118429e+001  4.8682163e+001  9.8747737e+000  8.4104478e+001  3.8756712e+001  8.6560803e+000 -9.9997446e-001 -7.1464205e-003  0.0000000e+000  7.0931483e-003 -9.9252027e-001  1.2187373e-001 -8.7096095e-004  1.2187062e-001  9.9254561e-001  8.9587462e+001
  7.7527720e+001  5.1767369e+001  1.1014750e+001  2.6959054e+002  1.9999016e+001  4.9463000e+001  7.4238970e+001  5.8008480e+001  1.3294703e+001  7.4225762e+001  4.8611464e+001  9.8747737e+000  8.4118429e+001  4.8682163e+001  9.8747737e+000 -9.9997446e-001 -7.1464205e-003  0.0000000e+000  6.7154806e-003 -9.3967450e-001  3.4200401e-001 -2.4441045e-003  3.4199527e-001  9.3969849e-001  8.9564262e+001
  8.0829678e+001  5.4923274e+001  1.2154727e+001  2.6959054e+002  1.9999016e+001  4.9463000e+001  7.4238970e+001  5.8008480e+001  1.3294703e+001  8.4131636e+001  5.8079179e+001  1.3294703e+001  8.4118429e+001  4.8682163e+001  9.8747737e+000 -9.9997446e-001 -7.1464205e-003  0.0000000e+000  6.7154806e-003 -9.3967450e-001  3.4200401e-001 -2.4441045e-003  3.4199527e-001  9.3969849e-001  8.9564262e+001
  7.7540928e+001  6.1164352e+001  1.4434770e+001  2.6959054e+002  2.0000673e+001  4.9463000e+001  7.4252177e+001  6.7405397e+001  1.6714905e+001  7.4238970e+001  5.8008480e+001  1.3294703e+001  8.4131636e+001  5.8079179e+001  1.3294703e+001 -9.9997446e-001 -7.1464205e-003  0.0000000e+000  6.7154099e-003 -9.3966461e-001  3.4203119e-001 -2.4442987e-003  3.4202245e-001  9.3968860e-001  8.9564257e+001
  8.0842886e+001  6.4320224e+001  1.5574838e+001  2.6959054e+002  2.0000673e+001  4.9463000e+001  7.4252177e+001  6.7405397e+001  1.6714905e+001  8.4144844e+001  6.7476096e+001  1.6714905e+001  8.4131636e+001  5.8079179e+001  1.3294703e+001 -9.9997446e-001 -7.1464205e-003  0.0000000e+000  6.7154099e-003 -9.3966461e-001  3.4203119e-001 -2.4442987e-003  3.4202245e-001  9.3968860e-001  8.9564257e+001
  7.7554135e+001  7.0561269e+001  1.7854972e+001  2.6959054e+002  2.0000673e+001  4.9463000e+001  7.4265385e+001  7.6802314e+001  2.0135106e+001  7.4252177e+001  6.7405397e+001  1.6714905e+001  8.4144844e+001  6.7476096e+001  1.6714905e+001 -9.9997446e-001 -7.1464205e-003  0.0000000e+000  6.7154099e-003 -9.3966461e-001  3.4203119e-001 -2.4442987e-003  3.4202245e-001  9.3968860e-001  8.9564257e+001
  8.0856094e+001  7.3717141e+001  1.8995039e+001  2.6959054e+002  2.0000673e+001  4.9463000e+001  7.4265385e+001  7.6802314e+001  2.0135106e+001  8.4158052e+001  7.6873013e+001  2.0135106e+001  8.4144844e+001  6.7476096e+001  1.6714905e+001 -9.9997446e-001 -7.1464205e-003  0.0000000e+000  6.7154099e-003 -9.3966461e-001  3.4203119e-001 -2.4442987e-003  3.4202245e-001  9.3968860e-001  8.9564257e+001
  7.7567343e+001  7.9958186e+001  2.1275173e+001  2.6959054e+002  2.0000673e+001  4.9463000e+001  7.4278593e+001  8.6199231e+001  2.3555308e+001  7.4265385e+001  7.6802314e+001  2.0135106e+001  8.4158052e+001  7.6873013e+001  2.0135106e+001 -9.9997446e-001 -7.1464205e-003  0.0000000e+000  6.7154099e-003 -9.3966461e-001  3.4203119e-001 -2.4442987e-003  3.4202245e-001  9.3968860e-001  8.9564257e+001
  8.0869302e+001  8.3114058e+001  2.2415241e+001  2.6959054e+002  2.0000673e+001  4.9463000e+001  7.4278593e+001  8.6199231e+001  2.3555308e+001  8.4171260e+001  8.6269930e+001  2.3555308e+001  8.4158052e+001  7.6873013e+001  2.0135106e+001 -9.9997446e-001 -7.1464205e-003  0.0000000e+000  6.7154099e-003 -9.3966461e-001  3.4203119e-001 -2.4442987e-003  3.4202245e-001  9.3968860e-001  8.9564257e+001
  7.7580808e+001  8.9537867e+001  2.3903736e+001  2.6959054e+002  6.0002178e+000  4.9462808e+001  7.4292571e+001  9.6144440e+001  2.4600592e+001  7.4278593e+001  8.6199231e+001  2.3555308e+001  8.4171260e+001  8.6269930e+001  2.3555308e+001 -9.9997446e-001 -7.1464205e-003  0.0000000e+000  7.1072688e-003 -9.9449610e-001  1.0453224e-001 -7.4703137e-004  1.0452957e-001  9.9452150e-001  8.9588281e+001
  8.0883023e+001  9.2876503e+001  2.4252164e+001  2.6959054e+002  6.0002178e+000  4.9462808e+001  7.4292571e+001  9.6144440e+001  2.4600592e+001  8.4185238e+001  9.6215139e+001  2.4600592e+001  8.4171260e+001  8.6269930e+001  2.3555308e+001 -9.9997446e-001 -7.1464205e-003  0.0000000e+000  7.1072688e-003 -9.9449610e-001  1.0453224e-001 -7.4703137e-004  1.0452957e-001  9.9452150e-001  8.9588281e+001
  7.7594786e+001  9.9483076e+001  2.4949020e+001  2.6959054e+002  6.0002178e+000  4.9462808e+001  7.4306550e+001  1.0608965e+002  2.5645877e+001  7.4292571e+001  9.6144440e+001  2.4600592e+001  8.4185238e+001  9.6215139e+001  2.4600592e+001 -9.9997446e-001 -7.1464205e-003  0.0000000e+000  7.1072688e-003 -9.9449610e-001  1.0453224e-001 -7.4703137e-004  1.0452957e-001  9.9452150e-001  8.9588281e+001
  8.0897001e+001  1.0282171e+002  2.5297449e+001  2.6959054e+002  6.0002178e+000  4.9462808e+001  7.4306550e+001  1.0608965e+002  2.5645877e+001  8.4199216e+001  1.0616035e+002  2.5645877e+001  8.4185238e+001  9.6215139e+001  2.4600592e+001 -9.9997446e-001 -7.1464205e-003  0.0000000e+000  7.1072688e-003 -9.9449610e-001  1.0453224e-001 -7.4703137e-004  1.0452957e-001  9.9452150e-001  8.9588281e+001
  7.7608765e+001  1.0942829e+002  2.5994305e+001  2.6959054e+002  6.0002178e+000  4.9462808e+001  7.4320528e+001  1.1603486e+002  2.6691162e+001  7.4306550e+001  1.0608965e+002  2.5645877e+001  8.4199216e+001  1.0616035e+002  2.5645877e+001 -9.9997446e-001 -7.1464205e-003  0.0000000e+000  7.1072688e-003 -9.9449610e-001  1.0453224e-001 -7.4703137e-004  1.0452957e-001  9.9452150e-001  8.9588281e+001
  8.0910980e+001  1.1276692e+002  2.6342734e+001  2.6959054e+002  6.0002178e+000  4.9462808e+001  7.4320528e+001  1.1603486e+002  2.6691162e+001  8.4213195e+001  1.1610556e+002  2.6691162e+001  8.4199216e+001  1.0616035e+002  2.5645877e+001 -9.9997446e-001 -7.1464205e-003  0.0000000e+000  7.1072688e-003 -9.9449610e-001  1.0453224e-001 -7.4703137e-004  1.0452957e-001  9.9452150e-001  8.9588281e+001
  7.7622743e+001  1.1937350e+002  2.7039590e+001  2.6959054e+002  6.0002178e+000  4.9462808e+001  7.4334506e+001  1.2598007e+002  2.7736446e+001  7.4320528e+001  1.1603486e+002  2.6691162e+001  8.4213195e+001  1.1610556e+002  2.6691162e+001 -9.9997446e-001 -7.1464205e-003  0.0000000e+000  7.1072688e-003 -9.9449610e-001  1.0453224e-001 -7.4703137e-004  1.0452957e-001  9.9452150e-001  8.9588281e+001
  8.0924958e+001  1.2271213e+002  2.7388018e+001  2.6959054e+002  6.0002178e+000  4.9462808e+001  7.4334506e+001  1.2598007e+002  2.7736446e+001  8.4227173e+001  1.2605077e+002  2.7736446e+001  8.4213195e+001  1.1610556e+002  2.6691162e+001 -9.9997446e-001 -7.1464205e-003  0.0000000e+000  7.1072688e-003 -9.9449610e-001  1.0453224e-001 -7.4703137e-004  1.0452957e-001  9.9452150e-001  8.9588281e+001
  7.7636721e+001  1.2931871e+002  2.8084874e+001  2.6959054e+002  6.0002178e+000  4.9462808e+001  7.4348485e+001  1.3592528e+002  2.8781731e+001  7.4334506e+001  1.2598007e+002  2.7736446e+001  8.4227173e+001  1.2605077e+002  2.7736446e+001 -9.9997446e-001 -7.1464205e-003  0.0000000e+000  7.1072688e-003 -9.9449610e-001  1.0453224e-001 -7.4703137e-004  1.0452957e-001  9.9452150e-001  8.9588281e+001
  8.0938937e+001  1.3265734e+002  2.8433303e+001  2.6959054e+002  6.0002178e+000  4.9462808e+001  7.4348485e+001  1.3592528e+002  2.8781731e+001  8.4241152e+001  1.3599598e+002  2.8781731e+001  8.4227173e+001  1.2605077e+002  2.7736446e+001 -9.9997446e-001 -7.1464205e-003  0.0000000e+000  7.1072688e-003 -9.9449610e-001  1.0453224e-001 -7.4703137e-004  1.0452957e-001  9.9452150e-001  8.9588281e+001
  7.7650700e+001  1.3926392e+002  2.9130159e+001  2.6959054e+002  6.0002178e+000  4.9462808e+001  7.4362463e+001  1.4587049e+002  2.9827015e+001  7.4348485e+001  1.3592528e+002  2.8781731e+001  8.4241152e+001  1.3599598e+002  2.8781731e+001 -9.9997446e-001 -7.1464205e-003  0.0000000e+000  7.1072688e-003 -9.9449610e-001  1.0453224e-001 -7.4703137e-004  1.0452957e-001  9.9452150e-001  8.9588281e+001
  8.0952915e+001  1.4260255e+002  2.9478587e+001  2.6959054e+002  6.0002178e+000  4.9462808e+001  7.4362463e+001  1.4587049e+002  2.9827015e+001  8.4255130e+001  1.4594118e+002  2.9827015e+001  8.4241152e+001  1.3599598e+002  2.8781731e+001 -9.9997446e-001 -7.1464205e-003  0.0000000e+000  7.1072688e-003 -9.9449610e-001  1.0453224e-001 -7.4703137e-004  1.0452957e-001  9.9452150e-001  8.9588281e+001
  7.7664678e+001  1.4920912e+002  3.0175443e+001  2.6959054e+002  6.0002178e+000  4.9462808e+001  7.4376442e+001  1.5581570e+002  3.0872300e+001  7.4362463e+001  1.4587049e+002  2.9827015e+001  8.4255130e+001  1.4594118e+002  2.9827015e+001 -9.9997446e-001 -7.1464205e-003  0.0000000e+000  7.1072688e-003 -9.9449610e-001  1.0453224e-001 -7.4703137e-004  1.0452957e-001  9.9452150e-001  8.9588281e+001
  8.0966893e+001  1.5254776e+002  3.0523872e+001  2.6959054e+002  6.0002178e+000  4.9462808e+001  7.4376442e+001  1.5581570e+002  3.0872300e+001  8.4269108e+001  1.5588639e+002  3.0872300e+001  8.4255130e+001  1.4594118e+002  2.9827015e+001 -9.9997446e-001 -7.1464205e-003  0.0000000e+000  7.1072688e-003 -9.9449610e-001  1.0453224e-001 -7.4703137e-004  1.0452957e-001  9.9452150e-001  8.9588281e+001
  6.7566695e+001  3.0946894e+000  1.6666667e+000  2.6963972e+002  3.0000734e+001  4.9463497e+001  6.4277236e+001  8.8474508e+000  5.0000000e+000  6.4265063e+001  1.8720530e-001  0.0000000e+000  7.4157787e+001  2.4941214e-001  0.0000000e+000 -9.9998023e-001 -6.2880167e-003  0.0000000e+000  5.4455419e-003 -8.6600187e-001  5.0001110e-001 -3.1440781e-003  5.0000121e-001  8.6601900e-001  8.9583984e+001
  7.0868327e+001  6.0021735e+000  3.3333333e+000  2.6963972e+002  3.0000734e+001  4.9463497e+001  6.4277236e+001  8.8474508e+000  5.0000000e+000  7.4169959e+001  8.9096576e+000  5.0000000e+000  7.4157787e+001  2.4941214e-001  0.0000000e+000 -9.9998023e-001 -6.2880167e-003  0.0000000e+000  5.4455419e-003 -8.6600187e-001  5.0001110e-001 -3.1440781e-003  5.0000121e-001  8.6601900e-001  8.9583984e+001
  6.7579460e+001  1.2176670e+001  5.4062311e+000  2.6963972e+002  7.0002051e+000  4.9463153e+001  6.4291186e+001  1.8772902e+001  6.2186934e+000  6.4277236e+001  8.8474508e+000  5.0000000e+000  7.4169959e+001  8.9096576e+000  5.0000000e+000 -9.9998023e-001 -6.2880167e-003  0.0000000e+000  6.2411440e-003 -9.9252609e-001  1.2187290e-001 -7.6633881e-004  1.2187049e-001  9.9254572e-001  8.9637015e+001
  7.0881685e+001  1.5505890e+001  5.8124623e+000  2.6963972e+002  7.0002051e+000  4.9463153e+001  6.4291186e+001  1.8772902e+001  6.2186934e+000  7.4183910e+001  1.8835109e+001  6.2186934e+000  7.4169959e+001  8.9096576e+000  5.0000000e+000 -9.9998023e-001 -6.2880167e-003  0.0000000e+000  6.2411440e-003 -9.9252609e-001  1.2187290e-001 -7.6633881e-004  1.2187049e-001  9.9254572e-001  8.9637015e+001
  6.7593411e+001  2.2102122e+001  6.6249246e+000  2.6963972e+002  7.0002051e+000  4.9463153e+001  6.4305137e+001  2.8698354e+001  7.4373869e+000  6.4291186e+001  1.8772902e+001  6.2186934e+000  7.4183910e+001  1.8835109e+001  6.2186934e+000 -9.9998023e-001 -6.2880167e-003  0.0000000e+000  6.2411440e-003 -9.9252609e-001  1.2187290e-001 -7.6633881e-004  1.2187049e-001  9.9254572e-001  8.9637015e+001
  7.0895636e+001  2.5431341e+001  7.0311557e+000  2.6963972e+002  7.0002051e+000  4.9463153e+001  6.4305137e+001  2.8698354e+001  7.4373869e+000  7.4197860e+001  2.8760561e+001  7.4373869e+000  7.4183910e+001  1.8835109e+001  6.2186934e+000 -9.9998023e-001 -6.2880167e-003  0.0000000e+000  6.2411440e-003 -9.9252609e-001  1.2187290e-001 -7.6633881e-004  1.2187049e-001  9.9254572e-001  8.9637015e+001
  6.7607362e+001  3.2027574e+001  7.8436180e+000  2.6963972e+002  7.0002051e+000  4.9463153e+001  6.4319088e+001  3.8623806e+001  8.6560803e+000  6.4305137e+001  2.8698354e+001  7.4373869e+000  7.4197860e+001  2.8760561e+001  7.4373869e+000 -9.9998023e-001 -6.2880167e-003  0.0000000e+000  6.2411440e-003 -9.9252609e-001  1.2187290e-001 -7.6633881e-004  1.2187049e-001  9.9254572e-001  8.9637015e+001
  7.0909586e+001  3.5356793e+001  8.2498492e+000  2.6963972e+002  7.0002051e+000  4.9463153e+001  6.4319088e+001  3.8623806e+001  8.6560803e+000  7.4211811e+001  3.8686013e+001  8.6560803e+000  7.4197860e+001  2.8760561e+001  7.4373869e+000 -9.9998023e-001 -6.2880167e-003  0.0000000e+000  6.2411440e-003 -9.9252609e-001  1.2187290e-001 -7.6633881e-004  1.2187049e-001  9.9254572e-001  8.9637015e+001
  6.7621312e+001  4.1953026e+001  9.0623114e+000  2.6963972e+002  7.0002051e+000  4.9463153e+001  6.4333038e+001  4.8549258e+001  9.8747737e+000  6.4319088e+001  3.8623806e+001  8.6560803e+000  7.4211811e+001  3.8686013e+001  8.6560803e+000 -9.9998023e-001 -6.2880167e-003  0.0000000e+000  6.2411440e-003 -9.9252609e-001  1.2187290e-001 -7.6633881e-004  1.2187049e-001  9.9254572e-001  8.9637015e+001
  7.0923537e+001  4.5282245e+001  9.4685426e+000  2.6963972e+002  7.0002051e+000  4.9463153e+001  6.4333038e+001  4.8549258e+001  9.8747737e+000  7.4225762e+001  4.8611464e+001  9.8747737e+000  7.4211811e+001  3.8686013e+001  8.6560803e+000 -9.9998023e-001 -6.2880167e-003  0.0000000e+000  6.2411440e-003 -9.9252609e-001  1.2187290e-001 -7.6633881e-004  1.2187049e-001  9.9254572e-001  8.9637015e+001
  6.7635015e+001  5.1702332e+001  1.1014750e+001  2.6963972e+002  1.9998888e+001  4.9463303e+001  6.4346246e+001  5.7946273e+001  1.3294703e+001  6.4333038e+001  4.8549258e+001  9.8747737e+000  7.4225762e+001  4.8611464e+001  9.8747737e+000 -9.9998023e-001 -6.2880167e-003  0.0000000e+000  5.9088446e-003 -9.3968068e-001  3.4200190e-001 -2.1505137e-003  3.4199514e-001  9.3969926e-001  8.9616602e+001
  7.0936993e+001  5.4855406e+001  1.2154727e+001  2.6963972e+002  1.9998888e+001  4.9463303e+001  6.4346246e+001  5.7946273e+001  1.3294703e+001  7.4238970e+001  5.8008480e+001  1.3294703e+001  7.4225762e+001  4.8611464e+001  9.8747737e+000 -9.9998023e-001 -6.2880167e-003  0.0000000e+000  5.9088446e-003 -9.3968068e-001  3.4200190e-001 -2.1505137e-003  3.4199514e-001  9.3969926e-001  8.9616602e+001
  6.7648223e+001  6.1099314e+001  1.4434770e+001  2.6963972e+002  2.0000545e+001  4.9463303e+001  6.4359454e+001  6.7343190e+001  1.6714905e+001  6.4346246e+001  5.7946273e+001  1.3294703e+001  7.4238970e+001  5.8008480e+001  1.3294703e+001 -9.9998023e-001 -6.2880167e-003  0.0000000e+000  5.9087824e-003 -9.3967079e-001  3.4202908e-001 -2.1506846e-003  3.4202232e-001  9.3968937e-001  8.9616598e+001
  7.0950200e+001  6.4252356e+001  1.5574838e+001  2.6963972e+002  2.0000545e+001  4.9463303e+001  6.4359454e+001  6.7343190e+001  1.6714905e+001  7.4252177e+001  6.7405397e+001  1.6714905e+001  7.4238970e+001  5.8008480e+001  1.3294703e+001 -9.9998023e-001 -6.2880167e-003  0.0000000e+000  5.9087824e-003 -9.3967079e-001  3.4202908e-001 -2.1506846e-003  3.4202232e-001  9.3968937e-001  8.9616598e+001
  6.7661431e+001  7.0496231e+001  1.7854972e+001  2.6963972e+002  2.0000545e+001  4.9463303e+001  6.4372662e+001  7.6740107e+001  2.0135106e+001  6.4359454e+001  6.7343190e+001  1.6714905e+001  7.4252177e+001  6.7405397e+001  1.6714905e+001 -9.9998023e-001 -6.2880167e-003  0.0000000e+000  5.9087824e-003 -9.3967079e-001  3.4202908e-001 -2.1506846e-003  3.4202232e-001  9.3968937e-001  8.9616598e+001
  7.0963408e+001  7.3649273e+001  1.8995039e+001  2.6963972e+002  2.0000545e+001  4.9463303e+001  6.4372662e+001  7.6740107e+001  2.0135106e+001  7.4265385e+001  7.6802314e+001  2.0135106e+001  7.4252177e+001  6.7405397e+001  1.6714905e+001 -9.9998023e-001 -6.2880167e-003  0.0000000e+000  5.9087824e-003 -9.3967079e-001  3.4202908e-001 -2.1506846e-003  3.4202232e-001  9.3968937e-001  8.9616598e+001
  6.7674639e+001  7.9893148e+001  2.1275173e+001  2.6963972e+002  2.0000545e+001  4.9463303e+001  6.4385869e+001  8.6137024e+001  2.3555308e+001  6.4372662e+001  7.6740107e+001  2.0135106e+001  7.4265385e+001  7.6802314e+001  2.0135106e+001 -9.9998023e-001 -6.2880167e-003  0.0000000e+000  5.9087824e-003 -9.3967079e-001  3.4202908e-001 -2.1506846e-003  3.4202232e-001  9.3968937e-001  8.9616598e+001
  7.0976616e+001  8.3046190e+001  2.2415241e+001  2.6963972e+002  2.0000545e+001  4.9463303e+001  6.4385869e+001  8.6137024e+001  2.3555308e+001  7.4278593e+001  8.6199231e+001  2.3555308e+001  7.4265385e+001  7.6802314e+001  2.0135106e+001 -9.9998023e-001 -6.2880167e-003  0.0000000e+000  5.9087824e-003 -9.3967079e-001  3.4202908e-001 -2.1506846e-003  3.4202232e-001  9.3968937e-001  8.9616598e+001
  6.7688103e+001  8.9472829e+001  2.3903736e+001  2.6963972e+002  6.0001763e+000  4.9463148e+001  6.4399848e+001  9.6082233e+001  2.4600592e+001  6.4385869e+001  8.6137024e+001  2.3555308e+001  7.4278593e+001  8.6199231e+001  2.3555308e+001 -9.9998023e-001 -6.2880167e-003  0.0000000e+000  6.2535683e-003 -9.9450191e-001  1.0453152e-001 -6.5729596e-004  1.0452946e-001  9.9452157e-001  8.9637736e+001
  7.0990337e+001  9.2808635e+001  2.4252164e+001  2.6963972e+002  6.0001763e+000  4.9463148e+001  6.4399848e+001  9.6082233e+001  2.4600592e+001  7.4292571e+001  9.6144440e+001  2.4600592e+001  7.4278593e+001  8.6199231e+001  2.3555308e+001 -9.9998023e-001 -6.2880167e-003  0.0000000e+000  6.2535683e-003 -9.9450191e-001  1.0453152e-001 -6.5729596e-004  1.0452946e-001  9.9452157e-001  8.9637736e+001
  6.7702082e+001  9.9418038e+001  2.4949020e+001  2.6963972e+002  6.0001763e+000  4.9463148e+001  6.4413826e+001  1.0602744e+002  2.5645877e+001  6.4399848e+001  9.6082233e+001  2.4600592e+001  7.4292571e+001  9.6144440e+001  2.4600592e+001 -9.9998023e-001 -6.2880167e-003  0.0000000e+000  6.2535683e-003 -9.9450191e-001  1.0453152e-001 -6.5729596e-004  1.0452946e-001  9.9452157e-001  8.9637736e+001
  7.1004316e+001  1.0275384e+002  2.5297449e+001  2.6963972e+002  6.0001763e+000  4.9463148e+001  6.4413826e+001  1.0602744e+002  2.5645877e+001  7.4306550e+001  1.0608965e+002  2.5645877e+001  7.4292571e+001  9.6144440e+001  2.4600592e+001 -9.9998023e-001 -6.2880167e-003  0.0000000e+000  6.2535683e-003 -9.9450191e-001  1.0453152e-001 -6.5729596e-004  1.0452946e-001  9.9452157e-001  8.9637736e+001
  6.7716060e+001  1.0936325e+002  2.5994305e+001  2.6963972e+002  6.0001763e+000  4.9463148e+001  6.4427805e+001  1.1597265e+002  2.6691162e+001  6.4413826e+001  1.0602744e+002  2.5645877e+001  7.4306550e+001  1.0608965e+002  2.5645877e+001 -9.9998023e-001 -6.2880167e-003  0.0000000e+000  6.2535683e-003 -9.9450191e-001  1.0453152e-001 -6.5729596e-004  1.0452946e-001  9.9452157e-001  8.9637736e+001
  7.1018294e+001  1.1269905e+002  2.6342734e+001  2.6963972e+002  6.0001763e+000  4.9463148e+001  6.4427805e+001  1.1597265e+002  2.6691162e+001  7.4320528e+001  1.1603486e+002  2.6691162e+001  7.4306550e+001  1.0608965e+002  2.5645877e+001 -9.9998023e-001 -6.2880167e-003  0.0000000e+000  6.2535683e-003 -9.9450191e-001  1.0453152e-001 -6.5729596e-004  1.0452946e-001  9.9452157e-001  8.9637736e+001
  6.7730039e+001  1.1930846e+002  2.7039590e+001  2.6963972e+002  6.0001763e+000  4.9463148e+001  6.4441783e+001  1.2591786e+002  2.7736446e+001  6.4427805e+001  1.1597265e+002  2.6691162e+001  7.4320528e+001  1.1603486e+002  2.6691162e+001 -9.9998023e-001 -6.2880167e-003  0.0000000e+000  6.2535683e-003 -9.9450191e-001  1.0453152e-001 -6.5729596e-004  1.0452946e-001  9.9452157e-001  8.9637736e+001
  7.1032272e+001  1.2264426e+002  2.7388018e+001  2.6963972e+002  6.0001763e+000  4.9463148e+001  6.4441783e+001  1.2591786e+002  2.7736446e+001  7.4334506e+001  1.2598007e+002  2.7736446e+001  7.4320528e+001  1.1603486e+002  2.6691162e+001 -9.9998023e-001 -6.2880167e-003  0.0000000e+000  6.2535683e-003 -9.9450191e-001  1.0453152e-001 -6.5729596e-004  1.0452946e-001  9.9452157e-001  8.9637736e+001
  6.7744017e+001  1.2925367e+002  2.8084874e+001  2.6963972e+002  6.0001763e+000  4.9463148e+001  6.4455761e+001  1.3586307e+002  2.8781731e+001  6.4441783e+001  1.2591786e+002  2.7736446e+001  7.4334506e+001  1.2598007e+002  2.7736446e+001 -9.9998023e-001 -6.2880167e-003  0.0000000e+000  6.2535683e-003 -9.9450191e-001  1.0453152e-001 -6.5729596e-004  1.0452946e-001  9.9452157e-001  8.9637736e+001
  7.1046251e+001  1.3258947e+002  2.8433303e+001  2.6963972e+002  6.0001763e+000  4.9463148e+001  6.4455761e+001  1.3586307e+002  2.8781731e+001  7.4348485e+001  1.3592528e+002  2.8781731e+001  7.4334506e+001  1.2598007e+002  2.7736446e+001 -9.9998023e-001 -6.2880167e-003  0.0000000e+000  6.2535683e-003 -9.9450191e-001  1.0453152e-001 -6.5729596e-004  1.0452946e-001  9.9452157e-001  8.9637736e+001
  6.7757995e+001  1.3919888e+002  2.9130159e+001  2.6963972e+002  6.0001763e+000  4.9463148e+001  6.4469740e+001  1.4580828e+002  2.9827015e+001  6.4455761e+001  1.3586307e+002  2.8781731e+001  7.4348485e+001  1.3592528e+002  2.8781731e+001 -9.9998023e-001 -6.2880167e-003  0.0000000e+000  6.2535683e-003 -9.9450191e-001  1.0453152e-001 -6.5729596e-004  1.0452946e-001  9.9452157e-001  8.9637736e+001
  7.1060229e+001  1.4253468e+002  2.9478587e+001  2.6963972e+002  6.0001763e+000  4.9463148e+001  6.4469740e+001  1.4580828e+002  2.9827015e+001  7.4362463e+001  1.4587049e+002  2.9827015e+001  7.4348485e+001  1.3592528e+002  2.8781731e+001 -9.9998023e-001 -6.2880167e-003  0.0000000e+000  6.2535683e-003 -9.9450191e-001  1.0453152e-001 -6.5729596e-004  1.0452946e-001  9.9452157e-001  8.9637736e+001
  6.7771974e+001  1.4914409e+002  3.0175443e+001  2.6963972e+002  6.0001763e+000  4.9463148e+001  6.4483718e+001  1.5575349e+002  3.0872300e+001  6.4469740e+001  1.4580828e+002  2.9827015e+001  7.4362463e+001  1.4587049e+002  2.9827015e+001 -9.9998023e-001 -6.2880167e-003  0.0000000e+000  6.2535683e-003 -9.9450191e-001  1.0453152e-001 -6.5729596e-004  1.0452946e-001  9.9452157e-001  8.9637736e+001
  7.1074208e+001  1.5247989e+002  3.0523872e+001  2.6963972e+002  6.0001763e+000  4.9463148e+001  6.4483718e+001  1.5575349e+002  3.0872300e+001  7.4376442e+001  1.5581570e+002  3.0872300e+001  7.4362463e+001  1.4587049e+002  2.9827015e+001 -9.9998023e-001 -6.2880167e-003  0.0000000e+000  6.2535683e-003 -9.9450191e-001  1.0453152e-001 -6.5729596e-004  1.0452946e-001  9.9452157e-001  8.9637736e+001
  5.7673919e+001  3.0419784e+000  1.6666667e+000  2.6972222e+002  3.0000485e+001  4.9463869e+001  5.4384433e+001  8.7994877e+000  5.0000000e+000  5.4372261e+001  1.3924222e-001  0.0000000e+000  6.4265063e+001  1.8720530e-001  0.0000000e+000 -9.9998825e-001 -4.8482237e-003  0.0000000e+000  4.1986644e-003 -8.6601099e-001  5.0000733e-001 -2.4241474e-003  5.0000146e-001  8.6602117e-001  8.9679242e+001
  6.0975577e+001  5.9447146e+000  3.3333333e+000  2.6972222e+002  3.0000485e+001  4.9463869e+001  5.4384433e+001  8.7994877e+000  5.0000000e+000  6.4277236e+001  8.8474508e+000  5.0000000e+000  6.4265063e+001  1.8720530e-001  0.0000000e+000 -9.9998825e-001 -4.8482237e-003  0.0000000e+000  4.1986644e-003 -8.6601099e-001  5.0000733e-001 -2.4241474e-003  5.0000146e-001  8.6602117e-001  8.9679242e+001
  5.7686684e+001  1.2123959e+001  5.4062311e+000  2.6972222e+002  7.0001355e+000  4.9463642e+001  5.4398384e+001  1.8724939e+001  6.2186934e+000  5.4384433e+001  8.7994877e+000  5.0000000e+000  6.4277236e+001  8.8474508e+000  5.0000000e+000 -9.9998825e-001 -4.8482237e-003  0.0000000e+000  4.8120844e-003 -9.9253420e-001  1.2187169e-001 -5.9086123e-004  1.2187026e-001  9.9254586e-001  8.9720130e+001
