 -4.0168965e+000  7.4394573e+001  1.9448000e+001  2.5004744e+002  2.4207792e+001  9.1359934e+001 -1.1872742e+001  7.9077143e+001  2.2632044e+001 -2.9467228e+000  6.6685419e+001  1.6025965e+001  2.7687749e+000  7.7421158e+001  1.9685990e+001 -9.3997550e-001 -3.4124194e-001  0.0000000e+000  3.1123461e-001 -8.5731815e-001  4.1004707e-001 -1.3992526e-001  3.8543420e-001  9.1206436e-001  6.8295753e+001
 -4.8804048e+001  4.0946974e+001  8.5335058e+000  2.7143884e+002  4.5752172e+000  5.8410709e+001 -4.2941737e+001  4.3991476e+001  8.7888379e+000 -5.5103214e+001  4.4296944e+001  8.7888379e+000 -4.8367193e+001  3.4552502e+001  8.0228416e+000 -9.9968470e-001  2.5109772e-002  0.0000000e+000 -2.5029759e-002 -9.9649918e-001  7.9767769e-002  2.0029505e-003  7.9742618e-002  9.9681347e-001  9.1443433e+001
 -4.9190951e+001  4.7771752e+001  1.0031801e+001  2.7143884e+002  1.8939881e+001  6.9880567e+001 -4.9527903e+001  5.5026836e+001  1.2517726e+001 -5.5103214e+001  4.4296944e+001  8.7888379e+000 -4.2941737e+001  4.3991476e+001  8.7888379e+000 -9.9968470e-001  2.5109772e-002  0.0000000e+000 -2.3750321e-002 -9.4556144e-001  3.2457587e-001  8.1500262e-003  3.2447353e-001  9.4585966e-001  9.1521155e+001
  2.9254588e+000  7.0221119e+001  1.7245973e+001  2.7061929e+002  1.8726089e+001  6.7842168e+001  2.7687749e+000  7.7421158e+001  1.9685990e+001 -2.9467228e+000  6.6685419e+001  1.6025965e+001  8.9543242e+000  6.6556779e+001  1.6025965e+001 -9.9994159e-001  1.0808453e-002  0.0000000e+000 -1.0236299e-002 -9.4700887e-001  3.2104426e-001  3.4699919e-003  3.2102551e-001  9.4706419e-001  9.0653903e+001
  2.3695917e+000  6.2314261e+001  1.4856552e+001  2.7061929e+002  1.5168783e+001  7.9786014e+001  1.1011735e+000  5.3700584e+001  1.2517726e+001  8.9543242e+000  6.6556779e+001  1.6025965e+001 -2.9467228e+000  6.6685419e+001  1.6025965e+001 -9.9994159e-001  1.0808453e-002  0.0000000e+000 -1.0431878e-002 -9.6510282e-001  2.6166336e-001  2.8281762e-003  2.6164808e-001  9.6515920e-001  9.0641644e+001
  9.0785187e+001  7.5056048e+001  1.9448000e+001  2.3233151e+002  2.5257973e+001  5.2255290e+001  9.4000000e+001  6.8374822e+001  1.6025965e+001  9.4000000e+001  7.8175176e+001  1.9685990e+001  8.4355560e+001  7.8618147e+001  2.2632044e+001 -7.9155975e-001 -6.1109178e-001  0.0000000e+000  5.5266882e-001 -7.1588329e-001  4.2669460e-001 -2.6074956e-001  3.3775427e-001  9.0439578e-001  4.9515290e+001
  9.0785187e+001  8.1571234e+001  2.2194326e+001  2.3886039e+002  2.8765400e+001  5.3609007e+001  8.4355560e+001  7.8618147e+001  2.2632044e+001  9.4000000e+001  7.8175176e+001  1.9685990e+001  9.4000000e+001  8.7920380e+001  2.4264945e+001 -8.5590976e-001 -5.1712521e-001  0.0000000e+000  4.5331064e-001 -7.5028830e-001  4.8122440e-001 -2.4885327e-001  4.1188466e-001  8.7659744e-001  5.5424016e+001
 -8.6331783e+001  1.3831065e+002  3.0280881e+001  2.5108401e+002  5.1865005e+000  6.6525094e+001 -8.2379138e+001  1.4497814e+002  3.0737092e+001 -9.4000000e+001  1.3655000e+002  3.0355342e+001 -8.2616211e+001  1.3340382e+002  2.9750210e+001 -9.4599491e-001 -3.2418148e-001  0.0000000e+000  3.2285419e-001 -9.4212175e-001  9.0397937e-002 -2.9305337e-002  8.5515988e-002  9.9590572e-001  7.1011802e+001
 -5.2224406e+001  1.3040238e+002  2.9482526e+001  2.7127886e+002  4.1913406e+000  7.2399346e+001 -4.6292466e+001  1.3392359e+002  2.9750210e+001 -5.9467603e+001  1.3421771e+002  2.9750210e+001 -5.0913149e+001  1.2306583e+002  2.8947157e+001 -9.9975091e-001  2.2318428e-002  0.0000000e+000 -2.2258738e-002 -9.9707711e-001  7.3087467e-002  1.6311974e-003  7.3069262e-002  9.9732553e-001  9.1282286e+001
 -4.9711210e+001  6.2623565e+001  1.4856552e+001  2.7137225e+002  1.7126115e+001  6.9665033e+001 -4.3956969e+001  6.6281892e+001  1.6025965e+001 -5.5648757e+001  6.6561967e+001  1.6025965e+001 -4.9527903e+001  5.5026836e+001  1.2517726e+001 -9.9971321e-001  2.3947936e-002  0.0000000e+000 -2.2886058e-002 -9.5538482e-001  2.9447594e-001  7.0520909e-003  2.9439148e-001  9.5565889e-001  9.1435891e+001
 -4.1827296e+001  3.7856075e+001  8.2781737e+000  2.6809648e+002  4.7320775e+000  6.5934543e+001 -3.4172957e+001  3.5024246e+001  8.0228416e+000 -4.2941737e+001  4.3991476e+001  8.7888379e+000 -4.8367193e+001  3.4552502e+001  8.0228416e+000 -9.9944818e-001 -3.3216493e-002  0.0000000e+000  3.3103270e-002 -9.9604142e-001  8.2496471e-002 -2.7402435e-003  8.2450948e-002  9.9659136e-001  8.8089979e+001
 -5.6578073e+001  5.3192417e+000  3.2495235e+000  2.9686588e+002  3.1180173e+001  3.1506911e+001 -5.8477468e+001  9.2911865e+000  4.8742852e+000 -5.8750000e+001  4.0000000e-001 -0.0000000e+000 -5.2506752e+001  6.2665386e+000  4.8742852e+000 -8.9206679e-001  4.5190358e-001  0.0000000e+000 -3.8662316e-001 -7.6320191e-001  5.1773099e-001  2.3396449e-001  4.6185062e-001  8.5554347e-001  1.2063043e+002
  3.9220379e+000  4.6589905e+001  1.0031801e+001  2.5364303e+002  1.8074241e+001  7.3820699e+001  1.1225870e+001  4.4764280e+001  8.7888379e+000  1.1011735e+000  5.3700584e+001  1.2517726e+001 -5.6092979e-001  4.1304852e+001  8.7888379e+000 -9.5952573e-001 -2.8162097e-001  0.0000000e+000  2.6772447e-001 -9.1217823e-001  3.1024906e-001 -8.7372640e-002  2.9769196e-001  9.5065531e-001  7.2842734e+001
  8.3343926e+000  5.1534215e+001  1.1274763e+001  2.5810962e+002  1.8998083e+001  6.7746834e+001  1.2676134e+001  5.6137782e+001  1.2517726e+001  1.1011735e+000  5.3700584e+001  1.2517726e+001  1.1225870e+001  4.4764280e+001  8.7888379e+000 -9.7854358e-001 -2.0603995e-001  0.0000000e+000  1.9481684e-001 -9.2524179e-001  3.2553651e-001 -6.7073527e-002  3.1855166e-001  9.4552947e-001  7.7445781e+001
  7.5772107e+000  5.8798382e+001  1.3687139e+001  2.5810962e+002  1.7746130e+001  6.8074362e+001  8.9543242e+000  6.6556779e+001  1.6025965e+001  1.1011735e+000  5.3700584e+001  1.2517726e+001  1.2676134e+001  5.6137782e+001  1.2517726e+001 -9.7854358e-001 -2.0603995e-001  0.0000000e+000  1.9623583e-001 -9.3198094e-001  3.0479997e-001 -6.2800971e-002  2.9826005e-001  9.5241639e-001  7.7533713e+001
  1.4544269e+001  6.2431976e+001  1.4856552e+001  2.7852307e+002  1.9785348e+001  6.8370945e+001  1.2676134e+001  5.6137782e+001  1.2517726e+001  2.2002348e+001  6.4601367e+001  1.6025965e+001  8.9543242e+000  6.6556779e+001  1.6025965e+001 -9.8895626e-001  1.4820765e-001  0.0000000e+000 -1.3945856e-001 -9.3057557e-001  3.3849730e-001  5.0167890e-002  3.3475903e-001  9.4096736e-001  9.9049183e+001
  9.0116322e+001  6.4577729e+001  1.4856552e+001  2.6291119e+002  1.9574128e+001  6.1472006e+001  9.4000000e+001  5.8432448e+001  1.2517726e+001  9.4000000e+001  6.8374822e+001  1.6025965e+001  8.2348966e+001  6.6925919e+001  1.6025965e+001 -9.9235605e-001 -1.2340771e-001  0.0000000e+000  1.1627584e-001 -9.3500664e-001  3.3502615e-001 -4.1344811e-002  3.3246523e-001  9.4220883e-001  8.2481222e+001
  8.6901509e+001  7.1306296e+001  1.8227991e+001  2.6291119e+002  3.0189375e+001  7.7119455e+001  8.2348966e+001  6.6925919e+001  1.6025965e+001  9.4000000e+001  6.8374822e+001  1.6025965e+001  8.4355560e+001  7.8618147e+001  2.2632044e+001 -9.9235605e-001 -1.2340771e-001  0.0000000e+000  1.0666969e-001 -8.5776089e-001  5.0285966e-001 -6.2056760e-002  4.9901583e-001  8.6436807e-001  8.1812926e+001
  8.9759262e+001  9.1996318e+001  2.4711655e+001  2.8111214e+002  7.9908331e+000  6.2494111e+001  8.1277787e+001  9.0419177e+001  2.4264945e+001  9.4000000e+001  8.7920380e+001  2.4264945e+001  9.4000000e+001  9.7649397e+001  2.5605077e+001 -9.8125187e-001  1.9272980e-001  0.0000000e+000 -1.9085846e-001 -9.7172423e-001  1.3901466e-001  2.6792268e-002  1.3640840e-001  9.9029032e-001  1.0121834e+002
  8.6544449e+001  8.5652568e+001  2.3720645e+001  2.8111214e+002  8.4537864e+000  7.2004588e+001  8.4355560e+001  7.8618147e+001  2.2632044e+001  9.4000000e+001  8.7920380e+001  2.4264945e+001  8.1277787e+001  9.0419177e+001  2.4264945e+001 -9.8125187e-001  1.9272980e-001  0.0000000e+000 -1.9063574e-001 -9.7059033e-001  1.4701164e-001  2.8333525e-002  1.4425545e-001  9.8913476e-001  1.0123111e+002
 -9.0205404e+001  1.3225961e+002  2.9684236e+001  2.6481553e+002  8.2725703e+000  5.5935698e+001 -8.2616211e+001  1.3340382e+002  2.9750210e+001 -9.4000000e+001  1.3655000e+002  3.0355342e+001 -9.4000000e+001  1.2682500e+002  2.8947157e+001 -9.9590893e-001 -9.0362624e-002  0.0000000e+000  8.9422381e-002 -9.8554628e-001  1.4388246e-001 -1.3001597e-002  1.4329383e-001  9.8959478e-001  8.4761320e+001
 -8.5914274e+001  9.5288063e+001  2.5158366e+001  2.6040937e+002  6.9296416e+000  6.8722293e+001 -8.1798981e+001  9.9710993e+001  2.5605077e+001 -9.4000000e+001  9.7649397e+001  2.5605077e+001 -8.1943840e+001  8.8503798e+001  2.4264945e+001 -9.8602328e-001 -1.6660757e-001  0.0000000e+000  1.6539051e-001 -9.7882044e-001  1.2065042e-001 -2.0101273e-002  1.1896412e-001  9.9269506e-001  8.0340116e+001
 -7.8376379e+001  1.5232605e+002  3.0825697e+001  2.7000000e+002  6.9087208e-001  6.4758150e+001 -8.2250000e+001  1.5600000e+002  3.0870000e+001 -8.2379138e+001  1.4497814e+002  3.0737092e+001 -7.0500000e+001  1.5600000e+002  3.0870000e+001 -1.0000000e+000 -0.0000000e+000  0.0000000e+000  0.0000000e+000 -9.9992730e-001  1.2057700e-002 -0.0000000e+000  1.2057700e-002  9.9992730e-001  9.0000000e+001
 -9.0126379e+001  1.4260105e+002  3.0609842e+001  2.7636774e+002  2.2619046e+000  5.6550500e+001 -9.4000000e+001  1.3655000e+002  3.0355342e+001 -8.2379138e+001  1.4497814e+002  3.0737092e+001 -9.4000000e+001  1.4627500e+002  3.0737092e+001 -9.9383053e-001  1.1090930e-001  0.0000000e+000 -1.1082289e-001 -9.9305620e-001  3.9467430e-002  4.3773051e-003  3.9223937e-002  9.9922086e-001  9.6372660e+001
 -9.0083333e+001  1.5275833e+002  3.0825697e+001  2.7000000e+002  7.8299148e-001  5.7139710e+001 -9.4000000e+001  1.4627500e+002  3.0737092e+001 -8.2250000e+001  1.5600000e+002  3.0870000e+001 -9.4000000e+001  1.5600000e+002  3.0870000e+001 -1.0000000e+000  0.0000000e+000  0.0000000e+000  0.0000000e+000 -9.9990662e-001  1.3665354e-002  0.0000000e+000  1.3665354e-002  9.9990662e-001  9.0000000e+001
 -8.6209713e+001  1.4908438e+002  3.0781395e+001  2.7636774e+002  6.9425275e-001  6.4130215e+001 -8.2379138e+001  1.4497814e+002  3.0737092e+001 -8.2250000e+001  1.5600000e+002  3.0870000e+001 -9.4000000e+001  1.4627500e+002  3.0737092e+001 -9.9383053e-001  1.1090930e-001  0.0000000e+000 -1.1090116e-001 -9.9375758e-001  1.2116700e-002  1.3438547e-003  1.2041946e-002  9.9992659e-001  9.6368199e+001
  4.0849262e+000  1.0361591e+002  2.6434445e+001  2.9852021e+002  7.0081759e+000  6.6463315e+001  2.7187493e-001  1.0952723e+002  2.6849130e+001  2.5623494e-001  9.8017971e+001  2.5605077e+001  1.1726669e+001  1.0330255e+002  2.6849130e+001 -8.7864871e-001  4.7746879e-001  0.0000000e+000 -4.7390150e-001 -8.7208411e-001  1.2201098e-001  5.8256433e-002  1.0720479e-001  9.9252875e-001  1.1870084e+002
 -3.5891719e+000  8.1180242e+001  2.2194326e+001  2.4896374e+002  2.3420298e+001  7.2759406e+001 -1.6635490e+000  8.7042425e+001  2.4264945e+001 -1.1872742e+001  7.9077143e+001  2.2632044e+001  2.7687749e+000  7.7421158e+001  1.9685990e+001 -9.3335346e-001 -3.5895865e-001  0.0000000e+000  3.2938543e-001 -8.5645809e-001  3.9747300e-001 -1.4267637e-001  3.7098280e-001  9.1761387e-001  6.7260471e+001
 -4.4444450e+001  9.8703255e+001  2.5573050e+001  2.5197202e+002  1.2586929e+001  6.5773581e+001 -3.7442934e+001  1.0113280e+002  2.5605077e+001 -4.9190378e+001  1.0316868e+002  2.6849130e+001 -4.6700037e+001  9.1808282e+001  2.4264945e+001 -9.5090550e-001 -3.0948138e-001  0.0000000e+000  3.0204346e-001 -9.2805192e-001  2.1792060e-001 -6.7442367e-002  2.0722190e-001  9.7596650e-001  7.1557787e+001
  5.4961868e+001  9.2949964e+001  2.4711655e+001  2.8146991e+002  5.8000848e+000  8.0512294e+001  5.9029867e+001  8.7637210e+001  2.4264945e+001  5.8726047e+001  1.0116086e+002  2.5605077e+001  4.7129690e+001  9.0051821e+001  2.4264945e+001 -9.8002927e-001  1.9885329e-001  0.0000000e+000 -1.9783527e-001 -9.7501207e-001  1.0105777e-001  2.0095670e-002  9.9039571e-002  9.9488056e-001  1.0152736e+002
  8.5650772e+001  6.0080333e+001  1.3687139e+001  2.5515896e+002  1.7400582e+001  8.1291658e+001  9.4000000e+001  5.8432448e+001  1.2517726e+001  8.2348966e+001  6.6925919e+001  1.6025965e+001  8.0603351e+001  5.4882633e+001  1.2517726e+001 -9.6664017e-001 -2.5613822e-001  0.0000000e+000  2.4441664e-001 -9.2240410e-001  2.9905048e-001 -7.6598257e-002  2.8907421e-001  9.5423729e-001  7.4480799e+001
  4.3873673e+001  3.7995182e+001  8.2781737e+000  3.0649007e+002  4.0439353e+000  4.8386445e+001  4.6573032e+001  4.4983058e+001  8.7888379e+000  3.8942598e+001  3.7150377e+001  8.0228416e+000  4.6105391e+001  3.1852110e+001  8.0228416e+000 -8.0395995e-001  5.9468344e-001  0.0000000e+000 -5.9320284e-001 -8.0195830e-001  7.0521401e-002  4.1937910e-002  5.6696382e-002  9.9751027e-001  1.2655838e+002
  4.7286397e+001  2.6448462e+001  7.5809328e+000  2.5692905e+002  4.5682584e+000  4.1952911e+001  4.6105391e+001  3.1852110e+001  8.0228416e+000  4.2966631e+001  2.2606606e+001  7.3599783e+000  5.2787170e+001  2.4886669e+001  7.3599783e+000 -9.7409077e-001 -2.2615741e-001  0.0000000e+000  2.2543895e-001 -9.7099623e-001  7.9646702e-002 -1.8012692e-002  7.7583117e-002  9.9682316e-001  7.6888833e+001
  5.7737722e+001  2.2447224e+001  7.0520747e+000  2.7046955e+002  7.3143625e+000  3.6875186e+001  6.2951697e+001  2.4803366e+001  7.3599783e+000  5.2787170e+001  2.4886669e+001  7.3599783e+000  5.7474298e+001  1.7651636e+001  6.4362675e+000 -9.9996642e-001  8.1951793e-003  0.0000000e+000 -8.1284916e-003 -9.9182925e-001  1.2731325e-001  1.0433549e-003  1.2730897e-001  9.9186256e-001  9.0473407e+001
  8.9694667e+001  1.1226978e+002  2.7597472e+001  2.4974750e+002  7.0139243e+000  6.3277888e+001  9.4000000e+001  1.1710000e+002  2.7971643e+001  8.1084001e+001  1.1233439e+002  2.7971643e+001  9.4000000e+001  1.0737495e+002  2.6849130e+001 -9.3817624e-001 -3.4615798e-001  0.0000000e+000  3.4356751e-001 -9.3115540e-001  1.2211055e-001 -4.2269543e-002  1.1456122e-001  9.9251650e-001  6.9607331e+001
  1.8169664e+001  1.5247928e+002  3.0825697e+001  2.7000000e+002  7.2093806e-001  6.2057612e+001  1.9258993e+001  1.4543784e+002  3.0737092e+001  2.3500000e+001  1.5600000e+002  3.0870000e+001  1.1750000e+001  1.5600000e+002  3.0870000e+001 -1.0000000e+000  0.0000000e+000  0.0000000e+000  0.0000000e+000 -9.9992084e-001  1.2582411e-002  0.0000000e+000  1.2582411e-002  9.9992084e-001  9.0000000e+001
  4.3933263e+001  1.1556525e+002  2.7922643e+001  2.4571363e+002  9.4358949e+000  6.6916819e+001  3.7482640e+001  1.1297800e+002  2.7971643e+001  4.9205670e+001  1.1085772e+002  2.6849130e+001  4.5111478e+001  1.2286005e+002  2.8947157e+001 -9.1150115e-001 -4.1129753e-001  0.0000000e+000  4.0573253e-001 -8.9916822e-001  1.6394400e-001 -6.7429763e-002  1.4943515e-001  9.8646965e-001  6.5419696e+001
  6.8312188e+001  1.3077711e+002  2.9482526e+001  2.6973121e+002  3.9397508e+000  6.8390391e+001  6.2017182e+001  1.3463442e+002  2.9750210e+001  6.9199666e+001  1.2300760e+002  2.8947157e+001  7.3719715e+001  1.3468932e+002  2.9750210e+001 -9.9998900e-001 -4.6912535e-003  0.0000000e+000  4.6801674e-003 -9.9762587e-001  6.8707450e-002 -3.2232407e-004  6.8706694e-002  9.9763685e-001  8.9730573e+001
  8.5639897e+001  1.1763164e+002  2.8296814e+001  2.4974750e+002  5.4747651e+000  7.0382569e+001  8.1835691e+001  1.2346054e+002  2.8947157e+001  8.1084001e+001  1.1233439e+002  2.7971643e+001  9.4000000e+001  1.1710000e+002  2.7971643e+001 -9.3817624e-001 -3.4615798e-001  0.0000000e+000  3.4457892e-001 -9.3389657e-001  9.5407338e-002 -3.3026012e-002  8.9508897e-002  9.9543832e-001  6.9662278e+001
  7.4918357e+001  1.2705249e+002  2.9214841e+001  2.6794712e+002  3.9902644e+000  7.2958448e+001  7.3719715e+001  1.3468932e+002  2.9750210e+001  6.9199666e+001  1.2300760e+002  2.8947157e+001  8.1835691e+001  1.2346054e+002  2.8947157e+001 -9.9935819e-001 -3.5821810e-002  0.0000000e+000  3.5734974e-002 -9.9693564e-001  6.9586968e-002 -2.4927311e-003  6.9542307e-002  9.9757589e-001  8.7942138e+001
  7.7373119e+001  1.1960085e+002  2.8621986e+001  2.6794712e+002  5.0260538e+000  7.0395554e+001  8.1835691e+001  1.2346054e+002  2.8947157e+001  6.9199666e+001  1.2300760e+002  2.8947157e+001  8.1084001e+001  1.1233439e+002  2.7971643e+001 -9.9935819e-001 -3.5821810e-002  0.0000000e+000  3.5684074e-002 -9.9551562e-001  8.7608727e-002 -3.1383032e-003  8.7552499e-002  9.9615496e-001  8.7939205e+001
 -9.0694519e+001  5.3651634e+001  1.1687494e+001  2.9328425e+002  1.5063406e+001  5.1731530e+001 -8.4083556e+001  5.4164984e+001  1.2517726e+001 -9.4000000e+001  5.8432448e+001  1.2517726e+001 -9.4000000e+001  4.8357471e+001  1.0027031e+001 -9.1855509e-001  3.9529298e-001  0.0000000e+000 -3.8171025e-001 -8.8699245e-001  2.5988782e-001  1.0273183e-001  2.3872128e-001  9.6563881e-001  1.1402040e+002
 -8.9539967e+001  4.3408633e+001  9.2015690e+000  2.4895815e+002  7.5593463e+000  6.7466330e+001 -9.4000000e+001  3.8360536e+001  8.7888379e+000 -8.0619901e+001  4.3507892e+001  8.7888379e+000 -9.4000000e+001  4.8357471e+001  1.0027031e+001 -9.3331840e-001 -3.5904982e-001  0.0000000e+000  3.5592936e-001 -9.2520705e-001  1.3155305e-001 -4.7234098e-002  1.2278088e-001  9.9130913e-001  6.8790007e+001
 -8.6234486e+001  4.8676783e+001  1.0444532e+001  2.7611778e+002  2.0031985e+001  6.6948093e+001 -9.4000000e+001  4.8357471e+001  1.0027031e+001 -8.0619901e+001  4.3507892e+001  8.7888379e+000 -8.4083556e+001  5.4164984e+001  1.2517726e+001 -9.9430493e-001  1.0657255e-001  0.0000000e+000 -1.0012508e-001 -9.3415102e-001  3.4254467e-001  3.6505859e-002  3.4059385e-001  9.3950154e-001  9.6508446e+001
 -8.6404464e+001  5.9444272e+001  1.3687139e+001  2.9328425e+002  1.6563446e+001  6.6427493e+001 -8.1129837e+001  6.5735385e+001  1.6025965e+001 -9.4000000e+001  5.8432448e+001  1.2517726e+001 -8.4083556e+001  5.4164984e+001  1.2517726e+001 -9.1855509e-001  3.9529298e-001  0.0000000e+000 -3.7889016e-001 -8.8043932e-001  2.8507691e-001  1.1268890e-001  2.6185885e-001  9.5850464e-001  1.1417877e+002
 -7.4351323e+001  6.9980192e+001  1.7245973e+001  2.6784294e+002  1.7015284e+001  8.0284987e+001 -8.1129837e+001  6.5735385e+001  1.6025965e+001 -6.8301023e+001  6.6218589e+001  1.6025965e+001 -7.3623107e+001  7.7986602e+001  1.9685990e+001 -9.9929141e-001 -3.7638880e-002  0.0000000e+000  3.5991303e-002 -9.5554915e-001  2.9262680e-001 -1.1014145e-002  2.9241945e-001  9.5622673e-001  8.7744297e+001
 -9.1424720e+001  1.5793460e+001  5.9156067e+000  3.0386595e+002  1.4002878e+001  3.0031107e+001 -8.6274160e+001  1.4851261e+001  6.4362675e+000 -9.4000000e+001  2.0036148e+001  6.4362675e+000 -9.4000000e+001  1.2492972e+001  4.8742852e+000 -8.3034361e-001  5.5725174e-001  0.0000000e+000 -5.4069221e-001 -8.0566876e-001  2.4197063e-001  1.3483855e-001  2.0091876e-001  9.7028358e-001  1.2467020e+002
 -7.2344846e+001  5.1622156e+000  3.2495235e+000  2.3604034e+002  3.3122527e+001  2.9465145e+001 -7.6007035e+001  5.6981333e+000  4.8742852e+000 -7.0500000e+001  4.0000000e-001 -0.0000000e+000 -7.0527503e+001  9.3885136e+000  4.8742852e+000 -8.2943112e-001 -5.5860901e-001  0.0000000e+000  4.6783724e-001 -6.9465183e-001  5.4643129e-001 -3.0524144e-001  4.5322712e-001  8.3750394e-001  5.1195261e+001
 -8.6196711e+001  3.8339183e+001  8.5335058e+000  2.4895815e+002  5.1705434e+000  6.0925936e+001 -8.3970232e+001  3.3149121e+001  8.0228416e+000 -8.0619901e+001  4.3507892e+001  8.7888379e+000 -9.4000000e+001  3.8360536e+001  8.7888379e+000 -9.3331840e-001 -3.5904982e-001  0.0000000e+000  3.5758879e-001 -9.2952060e-001  9.0120569e-002 -3.2357774e-002  8.4111185e-002  9.9593086e-001  6.8879740e+001
 -7.9067675e+001  3.7196774e+001  8.2781737e+000  2.6107206e+002  4.5090346e+000  5.6008575e+001 -7.2612894e+001  3.4933307e+001  8.0228416e+000 -8.0619901e+001  4.3507892e+001  8.7888379e+000 -8.3970232e+001  3.3149121e+001  8.0228416e+000 -9.8788431e-001 -1.5519210e-001  0.0000000e+000  1.5471177e-001 -9.8482676e-001  7.8616293e-002 -1.2200628e-002  7.7663802e-002  9.9690495e-001  8.1044793e+001
 -7.7664736e+001  3.1427035e+001  7.8018872e+000  2.6107206e+002  4.7135066e+000  4.6369555e+001 -8.3970232e+001  3.3149121e+001  8.0228416e+000 -7.6411082e+001  2.6198677e+001  7.3599783e+000 -7.2612894e+001  3.4933307e+001  8.0228416e+000 -9.8788431e-001 -1.5519210e-001  0.0000000e+000  1.5466725e-001 -9.8454333e-001  8.2173448e-002 -1.2752670e-002  8.1177860e-002  9.9661804e-001  8.1042256e+001
 -6.8538880e+001  5.2231544e+000  3.2495235e+000  3.0056871e+002  3.2249909e+001  3.1499823e+001 -7.0527503e+001  9.3885136e+000  4.8742852e+000 -7.0500000e+001  4.0000000e-001 -0.0000000e+000 -6.4589138e+001  5.8809497e+000  4.8742852e+000 -8.6101986e-001  5.0857133e-001  0.0000000e+000 -4.3011335e-001 -7.2818918e-001  5.3361318e-001  2.7138036e-001  4.5945154e-001  8.4572867e-001  1.2493066e+002
 -6.0605535e+001  5.1907121e+000  3.2495235e+000  2.4083902e+002  3.2566720e+001  3.1687710e+001 -6.4589138e+001  5.8809497e+000  4.8742852e+000 -5.8750000e+001  4.0000000e-001 -0.0000000e+000 -5.8477468e+001  9.2911865e+000  4.8742852e+000 -8.7325411e-001 -4.8726507e-001  0.0000000e+000  4.1065004e-001 -7.3594817e-001  5.3828137e-001 -2.6228571e-001  4.7005642e-001  8.4276519e-001  5.6491793e+001
 -4.3370694e+001  5.1263778e+001  1.1274763e+001  2.7122335e+002  1.8898324e+001  6.8433253e+001 -4.9527903e+001  5.5026836e+001  1.2517726e+001 -4.2941737e+001  4.3991476e+001  8.7888379e+000 -3.7642442e+001  5.4773024e+001  1.2517726e+001 -9.9977206e-001  2.1349938e-002  0.0000000e+000 -2.0199066e-002 -9.4587919e-001  3.2388974e-001  6.9150258e-003  3.2381592e-001  9.4609483e-001  9.1293034e+001
 -4.3709105e+001  5.8693917e+001  1.3687139e+001  2.7122335e+002  1.7145696e+001  7.0736404e+001 -3.7642442e+001  5.4773024e+001  1.2517726e+001 -4.3956969e+001  6.6281892e+001  1.6025965e+001 -4.9527903e+001  5.5026836e+001  1.2517726e+001 -9.9977206e-001  2.1349938e-002  0.0000000e+000 -2.0401108e-002 -9.5534040e-001  2.9480252e-001  6.2940153e-003  2.9473532e-001  9.5555820e-001  9.1280232e+001
 -4.9272017e+001  7.0493851e+001  1.8227991e+001  2.7137225e+002  2.8335955e+001  8.1386877e+001 -5.5648757e+001  6.6561967e+001  1.6025965e+001 -4.3956969e+001  6.6281892e+001  1.6025965e+001 -4.8210325e+001  7.8637693e+001  2.2632044e+001 -9.9971321e-001  2.3947936e-002  0.0000000e+000 -2.1078487e-002 -8.7992724e-001  4.7464065e-001  1.1366664e-002  4.7450452e-001  8.8017967e-001  9.1558966e+001
 -4.2664969e+001  7.3516059e+001  1.9448000e+001  2.5658441e+002  2.6928107e+001  7.8624600e+001 -4.8210325e+001  7.8637693e+001  2.2632044e+001 -4.3956969e+001  6.6281892e+001  1.6025965e+001 -3.5827614e+001  7.5628592e+001  1.9685990e+001 -9.7271277e-001 -2.3201265e-001  0.0000000e+000  2.0685679e-001 -8.6724685e-001  4.5287214e-001 -1.0507207e-001  4.4051451e-001  8.9157547e-001  7.5022528e+001
 -7.9376565e+001  5.0793393e+001  1.1274763e+001  2.6708691e+002  1.9016513e+001  6.1059538e+001 -8.4083556e+001  5.4164984e+001  1.2517726e+001 -8.0619901e+001  4.3507892e+001  8.7888379e+000 -7.3426240e+001  5.4707302e+001  1.2517726e+001 -9.9870777e-001 -5.0821130e-002  0.0000000e+000  4.8047552e-002 -9.4420300e-001  3.2584064e-001 -1.6559589e-002  3.2541958e-001  9.4542471e-001  8.6919064e+001
 -7.9546544e+001  5.8202557e+001  1.3687139e+001  2.6708691e+002  1.7097699e+001  6.3667581e+001 -7.3426240e+001  5.4707302e+001  1.2517726e+001 -8.1129837e+001  6.5735385e+001  1.6025965e+001 -8.4083556e+001  5.4164984e+001  1.2517726e+001 -9.9870777e-001 -5.0821130e-002  0.0000000e+000  4.8575081e-002 -9.5456970e-001  2.9400194e-001 -1.4941511e-002  2.9362203e-001  9.5580482e-001  8.6952460e+001
 -7.4285700e+001  6.2220425e+001  1.4856552e+001  2.6784294e+002  1.7233000e+001  7.6012166e+001 -6.8301023e+001  6.6218589e+001  1.6025965e+001 -8.1129837e+001  6.5735385e+001  1.6025965e+001 -7.3426240e+001  5.4707302e+001  1.2517726e+001 -9.9929141e-001 -3.7638880e-002  0.0000000e+000  3.5949191e-002 -9.5443110e-001  2.9625820e-001 -1.1150827e-002  2.9604828e-001  9.5510789e-001  8.7741658e+001
 -2.8969107e+001  3.0770300e+001  7.8018872e+000  2.8291759e+002  4.2362714e+000  5.2952873e+001 -3.0064871e+001  2.4900771e+001  7.3599783e+000 -2.2669494e+001  3.2385884e+001  8.0228416e+000 -3.4172957e+001  3.5024246e+001  8.0228416e+000 -9.7469262e-001  2.2354932e-001  0.0000000e+000 -2.2293856e-001 -9.7202968e-001  7.3869537e-002  1.6513484e-002  7.2000093e-002  9.9726791e-001  1.0295178e+002
 -2.5721437e+001  5.1395790e+000  3.2495235e+000  2.3974914e+002  3.1935811e+001  2.7824104e+001 -2.9440516e+001  5.9881653e+000  4.8742852e+000 -2.3500000e+001  4.0000000e-001 -0.0000000e+000 -2.4223795e+001  9.0305717e+000  4.8742852e+000 -8.6382796e-001 -5.0378692e-001  0.0000000e+000  4.2753435e-001 -7.3308002e-001  5.2896886e-001 -2.6648759e-001  4.5693809e-001  8.4864123e-001  5.5502390e+001
 -4.7848362e+000  3.6060602e+001  8.2781737e+000  3.0407564e+002  4.3518410e+000  5.6989861e+001 -2.2206158e+000  3.0275368e+001  8.0228416e+000 -5.6092979e-001  4.1304852e+001  8.7888379e+000 -1.1572963e+001  3.6601587e+001  8.0228416e+000 -8.2829859e-001  5.6028694e-001  0.0000000e+000 -5.5867156e-001 -8.2591051e-001  7.5880945e-002  4.2515102e-002  6.2852080e-002  9.9711688e-001  1.2415246e+002
 -5.4525425e+001  1.0001597e+001  5.3949460e+000  2.9686588e+002  1.2143624e+001  2.4848824e+001 -5.8477468e+001  9.2911865e+000  4.8742852e+000 -5.2506752e+001  6.2665386e+000  4.8742852e+000 -5.2592057e+001  1.4447065e+001  6.4362675e+000 -8.9206679e-001  4.5190358e-001  0.0000000e+000 -4.4179150e-001 -8.7210532e-001  2.1036298e-001  9.5063783e-002  1.8765782e-001  9.7762335e-001  1.1739208e+002
 -5.6916273e+001  1.4041325e+001  5.9156067e+000  2.9906267e+002  1.1972978e+001  3.0524833e+001 -5.2592057e+001  1.4447065e+001  6.4362675e+000 -5.9679295e+001  1.8385724e+001  6.4362675e+000 -5.8477468e+001  9.2911865e+000  4.8742852e+000 -8.7408894e-001  4.8576592e-001  0.0000000e+000 -4.7519834e-001 -8.5507361e-001  2.0745036e-001  1.0077231e-001  1.8133006e-001  9.7824555e-001  1.1960084e+002
 -4.9652011e+001  1.9089881e+001  6.7441711e+000  2.4252319e+002  6.3596394e+000  3.4137425e+001 -4.5328275e+001  1.8224615e+001  6.4362675e+000 -5.1035701e+001  2.4597963e+001  7.3599783e+000 -5.2592057e+001  1.4447065e+001  6.4362675e+000 -8.8719764e-001 -4.6138959e-001  0.0000000e+000  4.5855029e-001 -8.8173799e-001  1.1076887e-001 -5.1107604e-002  9.8273880e-002  9.9384619e-001  6.2378157e+001
 -5.4435684e+001  1.9143584e+001  6.7441711e+000  2.9906267e+002  5.4797276e+000  3.9215102e+001 -5.1035701e+001  2.4597963e+001  7.3599783e+000 -5.9679295e+001  1.8385724e+001  6.4362675e+000 -5.2592057e+001  1.4447065e+001  6.4362675e+000 -8.7408894e-001  4.8576592e-001  0.0000000e+000 -4.8354599e-001 -8.7009440e-001  9.5493556e-002  4.6387515e-002  8.3469861e-002  9.9543005e-001  1.1917423e+002
 -5.0793917e+001  2.3555129e+000  1.6247617e+000  2.7000000e+002  3.9721911e+001  2.2405045e+001 -4.7000000e+001  4.0000000e-001 -0.0000000e+000 -5.2506752e+001  6.2665386e+000  4.8742852e+000 -5.2875000e+001  4.0000000e-001 -0.0000000e+000 -1.0000000e+000  0.0000000e+000  0.0000000e+000  0.0000000e+000 -7.6915522e-001  6.3906201e-001  0.0000000e+000  6.3906201e-001  7.6915522e-001  9.0000000e+001
 -5.4710584e+001  2.3555129e+000  1.6247617e+000  2.7000000e+002  3.9721911e+001  2.2405045e+001 -5.2875000e+001  4.0000000e-001 -0.0000000e+000 -5.2506752e+001  6.2665386e+000  4.8742852e+000 -5.8750000e+001  4.0000000e-001 -0.0000000e+000 -1.0000000e+000  0.0000000e+000  0.0000000e+000  0.0000000e+000 -7.6915522e-001  6.3906201e-001  0.0000000e+000  6.3906201e-001  7.6915522e-001  9.0000000e+001
  6.2597695e+000  4.0136109e+001  8.5335058e+000  2.5364303e+002  4.7974513e+000  5.6254277e+001  1.1225870e+001  4.4764280e+001  8.7888379e+000 -5.6092979e-001  4.1304852e+001  8.7888379e+000  8.1143683e+000  3.4339194e+001  8.0228416e+000 -9.5952573e-001 -2.8162097e-001  0.0000000e+000  2.8063433e-001 -9.5616411e-001  8.3633517e-002 -2.3552952e-002  8.0248511e-002  9.9649658e-001  7.3588610e+001
  1.2565192e+001  3.7398699e+001  8.2781737e+000  2.7694012e+002  4.0853422e+000  5.5461778e+001  8.1143683e+000  3.4339194e+001  8.0228416e+000  1.8355339e+001  3.3092624e+001  8.0228416e+000  1.1225870e+001  4.4764280e+001  8.7888379e+000 -9.9267298e-001  1.2083192e-001  0.0000000e+000 -1.2052489e-001 -9.9015064e-001  7.1242270e-002  8.6083401e-003  7.0720276e-002  9.9745904e-001  9.6957624e+001
  1.1189955e+001  3.1092080e+001  7.8018872e+000  2.7694012e+002  4.4305303e+000  4.4261763e+001  7.1001579e+000  2.5844422e+001  7.3599783e+000  1.8355339e+001  3.3092624e+001  8.0228416e+000  8.1143683e+000  3.4339194e+001  8.0228416e+000 -9.9267298e-001  1.2083192e-001  0.0000000e+000 -1.2047084e-001 -9.8970661e-001  7.7250301e-002  9.3343020e-003  7.6684286e-002  9.9701173e-001  9.6960715e+001
  4.3313035e+000  3.0152994e+001  7.8018872e+000  2.4853472e+002  5.0278149e+000  4.1997475e+001  8.1143683e+000  3.4339194e+001  8.0228416e+000 -2.2206158e+000  3.0275368e+001  8.0228416e+000  7.1001579e+000  2.5844422e+001  7.3599783e+000 -9.3063948e-001 -3.6593737e-001  0.0000000e+000  3.6452934e-001 -9.2705863e-001  8.7639347e-002 -3.2070512e-002  8.1560637e-002  9.9615227e-001  6.8459389e+001
  1.7776076e+000  3.5306471e+001  8.2781737e+000  2.4853472e+002  4.5351613e+000  5.3790855e+001 -5.6092979e-001  4.1304852e+001  8.7888379e+000 -2.2206158e+000  3.0275368e+001  8.0228416e+000  8.1143683e+000  3.4339194e+001  8.0228416e+000 -9.3063948e-001 -3.6593737e-001  0.0000000e+000  3.6479162e-001 -9.2772565e-001  7.9070870e-002 -2.8934986e-002  7.3586473e-002  9.9686900e-001  6.8473459e+001
  7.9531147e+001  8.2907235e+001  2.3176344e+001  2.7534540e+002  8.1072315e+000  6.6260520e+001  8.4355560e+001  7.8618147e+001  2.2632044e+001  8.1277787e+001  9.0419177e+001  2.4264945e+001  7.2960094e+001  7.9684380e+001  2.2632044e+001 -9.9565120e-001  9.3159521e-002  0.0000000e+000 -9.2228473e-002 -9.8570052e-001  1.4102619e-001  1.3137932e-002  1.4041289e-001  9.9000587e-001  9.5399043e+001
  7.9888207e+001  7.5076149e+001  2.0430018e+001  2.7534540e+002  2.9183233e+001  7.7530260e+001  7.2960094e+001  7.9684380e+001  2.2632044e+001  8.2348966e+001  6.6925919e+001  1.6025965e+001  8.4355560e+001  7.8618147e+001  2.2632044e+001 -9.9565120e-001  9.3159521e-002  0.0000000e+000 -8.1334300e-002 -8.6926802e-001  4.8760418e-001  4.5424972e-002  4.8548369e-001  8.7306481e-001  9.6117045e+001
  6.4728855e+001  8.1023864e+001  2.2194326e+001  2.8617819e+002  2.3493508e+001  7.6549012e+001  7.2960094e+001  7.9684380e+001  2.2632044e+001  5.9029867e+001  8.7637210e+001  2.4264945e+001  6.2196605e+001  7.5750001e+001  1.9685990e+001 -9.6039979e-001  2.7862562e-001  0.0000000e+000 -2.5552902e-001 -8.8078769e-001  3.9864516e-001  1.1107275e-001  3.8285873e-001  9.1710525e-001  1.0755408e+002
  3.4653221e+001  3.3248869e+001  7.8018872e+000  2.5643954e+002  4.5329323e+000  4.2867036e+001  3.6011442e+001  2.7842600e+001  7.3599783e+000  3.8942598e+001  3.7150377e+001  8.0228416e+000  2.9005623e+001  3.4753628e+001  8.0228416e+000 -9.7212305e-001 -2.3447126e-001  0.0000000e+000  2.3373785e-001 -9.6908232e-001  7.9032087e-002 -1.8530753e-002  7.6828914e-002  9.9687207e-001  7.6398572e+001
  4.1694488e+001  2.7433772e+001  7.5809328e+000  3.0697311e+002  4.0882120e+000  4.0472360e+001  3.6011442e+001  2.7842600e+001  7.3599783e+000  4.2966631e+001  2.2606606e+001  7.3599783e+000  4.6105391e+001  3.1852110e+001  8.0228416e+000 -7.9891791e-001  6.0144008e-001  0.0000000e+000 -5.9990970e-001 -7.9688504e-001  7.1292230e-002  4.2878005e-002  5.6956639e-002  9.9745547e-001  1.2704327e+002
  4.0353144e+001  3.2281696e+001  7.8018872e+000  3.0649007e+002  4.1094020e+000  4.1205806e+001  4.6105391e+001  3.1852110e+001  8.0228416e+000  3.8942598e+001  3.7150377e+001  8.0228416e+000  3.6011442e+001  2.7842600e+001  7.3599783e+000 -8.0395995e-001  5.9468344e-001  0.0000000e+000 -5.9315454e-001 -8.0189300e-001  7.1661119e-002  4.2615681e-002  5.7612670e-002  9.9742904e-001  1.2656061e+002
  4.1954746e+001  5.3042504e+001  1.1274763e+001  2.5856123e+002  1.5748576e+001  7.8649905e+001  3.4034580e+001  5.5936895e+001  1.2517726e+001  4.6573032e+001  4.4983058e+001  8.7888379e+000  4.5256626e+001  5.8207560e+001  1.2517726e+001 -9.8013720e-001 -1.9832063e-001  0.0000000e+000  1.9087607e-001 -9.4334479e-001  2.7141653e-001 -5.3827498e-002  2.6602544e-001  9.6246198e-001  7.8127527e+001
 -8.9932994e+001  1.0157845e+002  2.6019761e+001  2.6040937e+002  7.3916473e+000  5.9828011e+001 -9.4000000e+001  1.0737495e+002  2.6849130e+001 -9.4000000e+001  9.7649397e+001  2.5605077e+001 -8.1798981e+001  9.9710993e+001  2.5605077e+001 -9.8602328e-001 -1.6660757e-001  0.0000000e+000  1.6522305e-001 -9.7782936e-001  1.2865103e-001 -2.1434235e-002  1.2685291e-001  9.9168993e-001  8.0330510e+001
 -7.5085599e+001  8.5709439e+001  2.2738626e+001  2.6012063e+002  2.1226848e+001  7.8653852e+001 -6.9689849e+001  9.0637916e+001  2.4264945e+001 -8.1943840e+001  8.8503798e+001  2.4264945e+001 -7.3623107e+001  7.7986602e+001  1.9685990e+001 -9.8517117e-001 -1.7157439e-001  0.0000000e+000  1.5993380e-001 -9.1833149e-001  3.6206140e-001 -6.2120464e-002  3.5669245e-001  9.3215425e-001  7.9417282e+001
 -7.7810890e+001  9.2950902e+001  2.4711655e+001  2.6012063e+002  6.9360386e+000  6.9016956e+001 -8.1798981e+001  9.9710993e+001  2.5605077e+001 -8.1943840e+001  8.8503798e+001  2.4264945e+001 -6.9689849e+001  9.0637916e+001  2.4264945e+001 -9.8517117e-001 -1.7157439e-001  0.0000000e+000  1.7031874e-001 -9.7796127e-001  1.2076125e-001 -2.0719538e-002  1.1897050e-001  9.9268158e-001  8.0049246e+001
 -8.9981280e+001  9.1357858e+001  2.4711655e+001  2.6722952e+002  7.8519650e+000  5.9202356e+001 -9.4000000e+001  8.7920380e+001  2.4264945e+001 -8.1943840e+001  8.8503798e+001  2.4264945e+001 -9.4000000e+001  9.7649397e+001  2.5605077e+001 -9.9883117e-001 -4.8335166e-002  0.0000000e+000  4.7881992e-002 -9.8946648e-001  1.3661409e-001 -6.6032645e-003  1.3645441e-001  9.9062434e-001  8.7203340e+001
 -5.7371998e+001  1.2664233e+002  2.9214841e+001  2.6776486e+002  4.0024920e+000  6.2301925e+001 -5.0913149e+001  1.2306583e+002  2.8947157e+001 -5.9467603e+001  1.3421771e+002  2.9750210e+001 -6.1735242e+001  1.2264344e+002  2.8947157e+001 -9.9923919e-001 -3.9000619e-002  0.0000000e+000  3.8905497e-002 -9.9680206e-001  6.9799862e-002 -2.7222379e-003  6.9746757e-002  9.9756102e-001  8.7759403e+001
 -5.6963132e+001  1.1902946e+002  2.8621986e+001  2.6776486e+002  4.8943622e+000  6.1915582e+001 -6.1735242e+001  1.2264344e+002  2.8947157e+001 -5.8241007e+001  1.1137911e+002  2.7971643e+001 -5.0913149e+001  1.2306583e+002  2.8947157e+001 -9.9923919e-001 -3.9000619e-002  0.0000000e+000  3.8858411e-002 -9.9559566e-001  8.5318885e-002 -3.3274894e-003  8.5253973e-002  9.9635370e-001  8.7756691e+001
 -6.3637360e+001  1.1665068e+002  2.8296814e+001  2.8971993e+002  5.9094256e+000  6.3888850e+001 -6.1735242e+001  1.2264344e+002  2.8947157e+001 -7.0935833e+001  1.1592950e+002  2.7971643e+001 -5.8241007e+001  1.1137911e+002  2.7971643e+001 -9.4135321e-001  3.3742277e-001  0.0000000e+000 -3.3562967e-001 -9.3635076e-001  1.0295617e-001  3.4739757e-002  9.6918123e-002  9.9468589e-001  1.0981710e+002
 -6.4232247e+001  1.5266852e+002  3.0825697e+001  2.7000000e+002  7.6188553e-001  5.8722512e+001 -7.0500000e+001  1.5600000e+002  3.0870000e+001 -6.3446741e+001  1.4600556e+002  3.0737092e+001 -5.8750000e+001  1.5600000e+002  3.0870000e+001 -1.0000000e+000 -0.0000000e+000  0.0000000e+000  0.0000000e+000 -9.9991159e-001  1.3297019e-002 -0.0000000e+000  1.3297019e-002  9.9991159e-001  9.0000000e+001
 -5.2717630e+001  1.5226949e+002  3.0825697e+001  2.7000000e+002  6.8039991e-001  6.5754807e+001 -4.7000000e+001  1.5600000e+002  3.0870000e+001 -5.8750000e+001  1.5600000e+002  3.0870000e+001 -5.2402890e+001  1.4480848e+002  3.0737092e+001 -1.0000000e+000  0.0000000e+000  0.0000000e+000  0.0000000e+000 -9.9992949e-001  1.1874940e-002  0.0000000e+000  1.1874940e-002  9.9992949e-001  9.0000000e+001
 -5.8199877e+001  1.4893801e+002  3.0781395e+001  2.7618633e+002  7.2920768e-001  5.8004427e+001 -5.2402890e+001  1.4480848e+002  3.0737092e+001 -5.8750000e+001  1.5600000e+002  3.0870000e+001 -6.3446741e+001  1.4600556e+002  3.0737092e+001 -9.9417670e-001  1.0776222e-001  0.0000000e+000 -1.0775350e-001 -9.9409618e-001  1.2726731e-002  1.3714609e-003  1.2652620e-002  9.9991901e-001  9.6186831e+001
 -5.2720986e+001  1.3764993e+002  3.0079171e+001  2.7127886e+002  5.2472565e+000  7.1104357e+001 -5.9467603e+001  1.3421771e+002  2.9750210e+001 -4.6292466e+001  1.3392359e+002  2.9750210e+001 -5.2402890e+001  1.4480848e+002  3.0737092e+001 -9.9975091e-001  2.2318428e-002  0.0000000e+000 -2.2224899e-002 -9.9556126e-001  9.1453936e-002  2.0411081e-003  9.1431156e-002  9.9580931e-001  9.1284238e+001
 -5.8439078e+001  1.4167725e+002  3.0408131e+001  2.7618633e+002  4.9954644e+000  6.2949079e+001 -5.2402890e+001  1.4480848e+002  3.0737092e+001 -6.3446741e+001  1.4600556e+002  3.0737092e+001 -5.9467603e+001  1.3421771e+002  2.9750210e+001 -9.9417670e-001  1.0776222e-001  0.0000000e+000 -1.0735290e-001 -9.9040041e-001  8.7076882e-002  9.3835985e-003  8.6569807e-002  9.9620159e-001  9.6209737e+001
 -7.4906177e+001  1.4704942e+002  3.0654145e+001  2.3898541e+002  2.2887970e+000  8.6710606e+001 -7.0500000e+001  1.5600000e+002  3.0870000e+001 -8.2379138e+001  1.4497814e+002  3.0737092e+001 -7.1839393e+001  1.4017011e+002  3.0355342e+001 -8.5703616e-001 -5.1525626e-001  0.0000000e+000  5.1484520e-001 -8.5635244e-001  3.9936419e-002 -2.0577490e-002  3.4226956e-002  9.9920222e-001  5.8965218e+001
 -6.8595378e+001  1.4739189e+002  3.0654145e+001  3.0859896e+002  2.2315793e+000  6.2566846e+001 -7.1839393e+001  1.4017011e+002  3.0355342e+001 -6.3446741e+001  1.4600556e+002  3.0737092e+001 -7.0500000e+001  1.5600000e+002  3.0870000e+001 -7.8153175e-001  6.2386547e-001  0.0000000e+000 -6.2339234e-001 -7.8093904e-001  3.8938559e-002  2.4292423e-002  3.0431720e-002  9.9924161e-001  1.2862016e+002
 -7.8944914e+001  1.3951736e+002  3.0280881e+001  2.7178219e+002  4.8727843e+000  6.1788418e+001 -7.1839393e+001  1.4017011e+002  3.0355342e+001 -8.2379138e+001  1.4497814e+002  3.0737092e+001 -8.2616211e+001  1.3340382e+002  2.9750210e+001 -9.9951628e-001  3.1100026e-002  0.0000000e+000 -3.0987623e-002 -9.9590378e-001  8.4943647e-002  2.6417496e-003  8.4902558e-002  9.9638576e-001  9.1788648e+001
 -6.4917912e+001  1.4013113e+002  3.0280881e+001  2.6268116e+002  4.6251830e+000  6.1275251e+001 -5.9467603e+001  1.3421771e+002  2.9750210e+001 -6.3446741e+001  1.4600556e+002  3.0737092e+001 -7.1839393e+001  1.4017011e+002  3.0355342e+001 -9.9185262e-001 -1.2739068e-001  0.0000000e+000  1.2697583e-001 -9.8862268e-001  8.0637027e-002 -1.0272405e-002  7.9980046e-002  9.9674353e-001  8.2657514e+001
  5.0003341e+001  9.7475315e+001  2.5158366e+001  2.7020604e+002  6.8531643e+000  8.1827614e+001  4.7129690e+001  9.0051821e+001  2.4264945e+001  5.8726047e+001  1.0116086e+002  2.5605077e+001  4.4154287e+001  1.0121326e+002  2.5605077e+001 -9.9999353e-001  3.5961428e-003  0.0000000e+000 -3.5704491e-003 -9.9284879e-001  1.1932528e-001  4.2911075e-004  1.1932451e-001  9.9285521e-001  9.0207527e+001
  5.0695335e+001  1.0441061e+002  2.6019761e+001  2.7020604e+002  7.3364656e+000  7.0981775e+001  5.8726047e+001  1.0116086e+002  2.5605077e+001  4.9205670e+001  1.1085772e+002  2.6849130e+001  4.4154287e+001  1.0121326e+002  2.5605077e+001 -9.9999353e-001  3.5961428e-003  0.0000000e+000 -3.5667025e-003 -9.9180696e-001  1.2769587e-001  4.5921258e-004  1.2769504e-001  9.9181337e-001  9.0207745e+001
